Time_s,Agent_ID,Radar_Type,Status,Target_ID,Target_Distance_km,SNR_dB,Doppler_Shift_m_s,Lock_Quality,Beam_Angle_deg,Side
0.0,A0100,AN/APG-68(V)9,SEARCH,B0100,89.07346076006365,0.0,0.0,0.0,0.0,Friendly
0.0,A0200,AN/APG-68(V)9,SEARCH,B0200,89.0735048546583,0.0,0.0,0.0,0.0,Friendly
0.0,B0100,N001VE,SEARCH,None,0.0,0.0,0.0,0.0,0.0,Enemy
0.0,B0200,N001VE,SEARCH,None,0.0,0.0,0.0,0.0,0.0,Enemy
0.2,A0100,AN/APG-68(V)9,SEARCH,B0100,88.92746374778584,0.0,0.0,0.0,0.0,Friendly
0.2,A0200,AN/APG-68(V)9,SEARCH,B0200,88.92763621185217,0.0,0.0,0.0,0.0,Friendly
0.2,B0100,N001VE,SEARCH,None,0.0,0.0,0.0,0.0,0.0,Enemy
0.2,B0200,N001VE,SEARCH,None,0.0,0.0,0.0,0.0,0.0,Enemy
0.4,A0100,AN/APG-68(V)9,SEARCH,B0100,88.78167033088975,0.0,0.0,0.0,0.0,Friendly
0.4,A0200,AN/APG-68(V)9,SEARCH,B0200,88.78203946883785,0.0,0.0,0.0,0.0,Friendly
0.4,B0100,N001VE,SEARCH,None,0.0,0.0,0.0,0.0,0.0,Enemy
0.4,B0200,N001VE,SEARCH,None,0.0,0.0,0.0,0.0,0.0,Enemy
0.6000000000000001,A0100,AN/APG-68(V)9,SEARCH,B0100,88.63616601570276,0.0,0.0,0.0,0.0,Friendly
0.6000000000000001,A0200,AN/APG-68(V)9,SEARCH,B0200,88.63687681464837,0.0,0.0,0.0,0.0,Friendly
0.6000000000000001,B0100,N001VE,SEARCH,None,0.0,0.0,0.0,0.0,0.0,Enemy
0.6000000000000001,B0200,N001VE,SEARCH,None,0.0,0.0,0.0,0.0,0.0,Enemy
0.8,A0100,AN/APG-68(V)9,SEARCH,B0100,88.49102823674974,0.0,0.0,0.0,0.0,Friendly
0.8,A0200,AN/APG-68(V)9,SEARCH,B0200,88.49236799110275,0.0,0.0,0.0,0.0,Friendly
0.8,B0100,N001VE,SEARCH,None,0.0,0.0,0.0,0.0,0.0,Enemy
0.8,B0200,N001VE,SEARCH,None,0.0,0.0,0.0,0.0,0.0,Enemy
1.0,A0100,AN/APG-68(V)9,SEARCH,B0100,88.34628073356414,0.0,0.0,0.0,0.0,Friendly
1.0,A0200,AN/APG-68(V)9,SEARCH,B0200,88.34860273086693,0.0,0.0,0.0,0.0,Friendly
1.0,B0100,N001VE,SEARCH,None,0.0,0.0,0.0,0.0,0.0,Enemy
1.0,B0200,N001VE,SEARCH,None,0.0,0.0,0.0,0.0,0.0,Enemy
1.2000000000000002,A0100,AN/APG-68(V)9,SEARCH,B0100,88.20184422363978,0.0,0.0,0.0,0.0,Friendly
1.2000000000000002,A0200,AN/APG-68(V)9,SEARCH,B0200,88.20555919533955,0.0,0.0,0.0,0.0,Friendly
1.2000000000000002,B0100,N001VE,SEARCH,None,0.0,0.0,0.0,0.0,0.0,Enemy
1.2000000000000002,B0200,N001VE,SEARCH,None,0.0,0.0,0.0,0.0,0.0,Enemy
1.4000000000000001,A0100,AN/APG-68(V)9,SEARCH,B0100,88.05758980416033,0.0,0.0,0.0,0.0,Friendly
1.4000000000000001,A0200,AN/APG-68(V)9,SEARCH,B0200,88.06296057679056,0.0,0.0,0.0,0.0,Friendly
1.4000000000000001,B0100,N001VE,SEARCH,None,0.0,0.0,0.0,0.0,0.0,Enemy
1.4000000000000001,B0200,N001VE,SEARCH,None,0.0,0.0,0.0,0.0,0.0,Enemy
1.6,A0100,AN/APG-68(V)9,SEARCH,B0100,87.91348186469224,0.0,0.0,0.0,0.0,Friendly
1.6,A0200,AN/APG-68(V)9,SEARCH,B0200,87.92057272503175,0.0,0.0,0.0,0.0,Friendly
1.6,B0100,N001VE,SEARCH,None,0.0,0.0,0.0,0.0,0.0,Enemy
1.6,B0200,N001VE,SEARCH,None,0.0,0.0,0.0,0.0,0.0,Enemy
1.8,A0100,AN/APG-68(V)9,SEARCH,B0100,87.76957769474473,0.0,0.0,0.0,0.0,Friendly
1.8,A0200,AN/APG-68(V)9,SEARCH,B0200,87.77832882268376,0.0,0.0,0.0,0.0,Friendly
1.8,B0100,N001VE,SEARCH,None,0.0,0.0,0.0,0.0,0.0,Enemy
1.8,B0200,N001VE,SEARCH,None,0.0,0.0,0.0,0.0,0.0,Enemy
2.0,A0100,AN/APG-68(V)9,SEARCH,B0100,87.62584682452616,0.0,0.0,0.0,0.0,Friendly
2.0,A0200,AN/APG-68(V)9,SEARCH,B0200,87.63613320334476,0.0,0.0,0.0,0.0,Friendly
2.0,B0100,N001VE,SEARCH,None,0.0,0.0,0.0,0.0,0.0,Enemy
2.0,B0200,N001VE,SEARCH,None,0.0,0.0,0.0,0.0,0.0,Enemy
2.2,A0100,AN/APG-68(V)9,SEARCH,B0100,87.48226574501054,0.0,0.0,0.0,0.0,Friendly
2.2,A0200,AN/APG-68(V)9,SEARCH,B0200,87.49398939795415,0.0,0.0,0.0,0.0,Friendly
2.2,B0100,N001VE,SEARCH,None,0.0,0.0,0.0,0.0,0.0,Enemy
2.2,B0200,N001VE,SEARCH,None,0.0,0.0,0.0,0.0,0.0,Enemy
2.4000000000000004,A0100,AN/APG-68(V)9,SEARCH,B0100,87.33889222081581,0.0,0.0,0.0,0.0,Friendly
2.4000000000000004,A0200,AN/APG-68(V)9,SEARCH,B0200,87.35208880349751,0.0,0.0,0.0,0.0,Friendly
2.4000000000000004,B0100,N001VE,SEARCH,None,0.0,0.0,0.0,0.0,0.0,Enemy
2.4000000000000004,B0200,N001VE,SEARCH,None,0.0,0.0,0.0,0.0,0.0,Enemy
2.6,A0100,AN/APG-68(V)9,SEARCH,B0100,87.19566801651808,0.0,0.0,0.0,0.0,Friendly
2.6,A0200,AN/APG-68(V)9,SEARCH,B0200,87.21057670575482,0.0,0.0,0.0,0.0,Friendly
2.6,B0100,N001VE,SEARCH,None,0.0,0.0,0.0,0.0,0.0,Enemy
2.6,B0200,N001VE,SEARCH,None,0.0,0.0,0.0,0.0,0.0,Enemy
2.8000000000000003,A0100,AN/APG-68(V)9,SEARCH,B0100,87.05247223478233,0.0,0.0,0.0,0.0,Friendly
2.8000000000000003,A0200,AN/APG-68(V)9,SEARCH,B0200,87.0695213614466,0.0,0.0,0.0,0.0,Friendly
2.8000000000000003,B0100,N001VE,SEARCH,None,0.0,0.0,0.0,0.0,0.0,Enemy
2.8000000000000003,B0200,N001VE,SEARCH,None,0.0,0.0,0.0,0.0,0.0,Enemy
3.0,A0100,AN/APG-68(V)9,SEARCH,B0100,86.90926688085547,0.0,0.0,0.0,0.0,Friendly
3.0,A0200,AN/APG-68(V)9,SEARCH,B0200,86.92877178152013,0.0,0.0,0.0,0.0,Friendly
3.0,B0100,N001VE,SEARCH,None,0.0,0.0,0.0,0.0,0.0,Enemy
3.0,B0200,N001VE,SEARCH,None,0.0,0.0,0.0,0.0,0.0,Enemy
3.2,A0100,AN/APG-68(V)9,SEARCH,B0100,86.76604894139298,0.0,0.0,0.0,0.0,Friendly
3.2,A0200,AN/APG-68(V)9,SEARCH,B0200,86.78818921054551,0.0,0.0,0.0,0.0,Friendly
3.2,B0100,N001VE,SEARCH,None,0.0,0.0,0.0,0.0,0.0,Enemy
3.2,B0200,N001VE,SEARCH,None,0.0,0.0,0.0,0.0,0.0,Enemy
3.4000000000000004,A0100,AN/APG-68(V)9,SEARCH,B0100,86.62281027361234,0.0,0.0,0.0,0.0,Friendly
3.4000000000000004,A0200,AN/APG-68(V)9,SEARCH,B0200,86.6476518103326,0.0,0.0,0.0,0.0,Friendly
3.4000000000000004,B0100,N001VE,SEARCH,None,0.0,0.0,0.0,0.0,0.0,Enemy
3.4000000000000004,B0200,N001VE,SEARCH,None,0.0,0.0,0.0,0.0,0.0,Enemy
3.6,A0100,AN/APG-68(V)9,SEARCH,B0100,86.47957159051857,0.0,0.0,0.0,0.0,Friendly
3.6,A0200,AN/APG-68(V)9,SEARCH,B0200,86.50709067509138,0.0,0.0,0.0,0.0,Friendly
3.6,B0100,N001VE,SEARCH,None,0.0,0.0,0.0,0.0,0.0,Enemy
3.6,B0200,N001VE,SEARCH,None,0.0,0.0,0.0,0.0,0.0,Enemy
3.8000000000000003,A0100,AN/APG-68(V)9,SEARCH,B0100,86.33630651559379,0.0,0.0,0.0,0.0,Friendly
3.8000000000000003,A0200,AN/APG-68(V)9,SEARCH,B0200,86.36645911201713,0.0,0.0,0.0,0.0,Friendly
3.8000000000000003,B0100,N001VE,SEARCH,None,0.0,0.0,0.0,0.0,0.0,Enemy
3.8000000000000003,B0200,N001VE,SEARCH,None,0.0,0.0,0.0,0.0,0.0,Enemy
4.0,A0100,AN/APG-68(V)9,SEARCH,B0100,86.19302675241693,0.0,0.0,0.0,0.0,Friendly
4.0,A0200,AN/APG-68(V)9,SEARCH,B0200,86.22579492763326,0.0,0.0,0.0,0.0,Friendly
4.0,B0100,N001VE,SEARCH,None,0.0,0.0,0.0,0.0,0.0,Enemy
4.0,B0200,N001VE,SEARCH,None,0.0,0.0,0.0,0.0,0.0,Enemy
4.2,A0100,AN/APG-68(V)9,SEARCH,B0100,86.04975280215812,0.0,0.0,0.0,0.0,Friendly
4.2,A0200,AN/APG-68(V)9,SEARCH,B0200,86.08512060614329,0.0,0.0,0.0,0.0,Friendly
4.2,B0100,N001VE,SEARCH,None,0.0,0.0,0.0,0.0,0.0,Enemy
4.2,B0200,N001VE,SEARCH,None,0.0,0.0,0.0,0.0,0.0,Enemy
4.4,A0100,AN/APG-68(V)9,SEARCH,B0100,85.90650464611909,0.0,0.0,0.0,0.0,Friendly
4.4,A0200,AN/APG-68(V)9,SEARCH,B0200,85.94441827365317,0.0,0.0,0.0,0.0,Friendly
4.4,B0100,N001VE,SEARCH,None,0.0,0.0,0.0,0.0,0.0,Enemy
4.4,B0200,N001VE,SEARCH,None,0.0,0.0,0.0,0.0,0.0,Enemy
4.6000000000000005,A0100,AN/APG-68(V)9,SEARCH,B0100,85.76328031761518,0.0,0.0,0.0,0.0,Friendly
4.6000000000000005,A0200,AN/APG-68(V)9,SEARCH,B0200,85.80369348498903,0.0,0.0,0.0,0.0,Friendly
4.6000000000000005,B0100,N001VE,SEARCH,None,0.0,0.0,0.0,0.0,0.0,Enemy
4.6000000000000005,B0200,N001VE,SEARCH,None,0.0,0.0,0.0,0.0,0.0,Enemy
4.800000000000001,A0100,AN/APG-68(V)9,SEARCH,B0100,85.62010345473679,0.0,0.0,0.0,0.0,Friendly
4.800000000000001,A0200,AN/APG-68(V)9,SEARCH,B0200,85.6629887969087,0.0,0.0,0.0,0.0,Friendly
4.800000000000001,B0100,N001VE,SEARCH,None,0.0,0.0,0.0,0.0,0.0,Enemy
4.800000000000001,B0200,N001VE,SEARCH,None,0.0,0.0,0.0,0.0,0.0,Enemy
5.0,A0100,AN/APG-68(V)9,SEARCH,B0100,85.47705234019922,0.0,0.0,0.0,0.0,Friendly
5.0,A0200,AN/APG-68(V)9,SEARCH,B0200,85.52244135650731,0.0,0.0,0.0,0.0,Friendly
5.0,B0100,N001VE,SEARCH,None,0.0,0.0,0.0,0.0,0.0,Enemy
5.0,B0200,N001VE,SEARCH,None,0.0,0.0,0.0,0.0,0.0,Enemy
5.2,A0100,AN/APG-68(V)9,SEARCH,B0100,85.33410952839903,0.0,0.0,0.0,0.0,Friendly
5.2,A0200,AN/APG-68(V)9,SEARCH,B0200,85.38202614341346,0.0,0.0,0.0,0.0,Friendly
5.2,B0100,N001VE,SEARCH,None,0.0,0.0,0.0,0.0,0.0,Enemy
5.2,B0200,N001VE,SEARCH,None,0.0,0.0,0.0,0.0,0.0,Enemy
5.4,A0100,AN/APG-68(V)9,SEARCH,B0100,85.19109328162305,0.0,0.0,0.0,0.0,Friendly
5.4,A0200,AN/APG-68(V)9,SEARCH,B0200,85.24157278311677,0.0,0.0,0.0,0.0,Friendly
5.4,B0100,N001VE,SEARCH,None,0.0,0.0,0.0,0.0,0.0,Enemy
5.4,B0200,N001VE,SEARCH,None,0.0,0.0,0.0,0.0,0.0,Enemy
5.6000000000000005,A0100,AN/APG-68(V)9,SEARCH,B0100,85.04804708298414,0.0,0.0,0.0,0.0,Friendly
5.6000000000000005,A0200,AN/APG-68(V)9,SEARCH,B0200,85.10108011938388,0.0,0.0,0.0,0.0,Friendly
5.6000000000000005,B0100,N001VE,SEARCH,None,0.0,0.0,0.0,0.0,0.0,Enemy
5.6000000000000005,B0200,N001VE,SEARCH,None,0.0,0.0,0.0,0.0,0.0,Enemy
5.800000000000001,A0100,AN/APG-68(V)9,SEARCH,B0100,84.9049359977683,0.0,0.0,0.0,0.0,Friendly
5.800000000000001,A0200,AN/APG-68(V)9,SEARCH,B0200,84.96051319365952,0.0,0.0,0.0,0.0,Friendly
5.800000000000001,B0100,N001VE,SEARCH,None,0.0,0.0,0.0,0.0,0.0,Enemy
5.800000000000001,B0200,N001VE,SEARCH,None,0.0,0.0,0.0,0.0,0.0,Enemy
6.0,A0100,AN/APG-68(V)9,SEARCH,B0100,84.76173927240743,0.0,0.0,0.0,0.0,Friendly
6.0,A0200,AN/APG-68(V)9,SEARCH,B0200,84.8198628202592,0.0,0.0,0.0,0.0,Friendly
6.0,B0100,N001VE,SEARCH,None,0.0,0.0,0.0,0.0,0.0,Enemy
6.0,B0200,N001VE,SEARCH,None,0.0,0.0,0.0,0.0,0.0,Enemy
6.2,A0100,AN/APG-68(V)9,SEARCH,B0100,84.61849101378951,0.0,0.0,0.0,0.0,Friendly
6.2,A0200,AN/APG-68(V)9,SEARCH,B0200,84.67917938805232,0.0,0.0,0.0,0.0,Friendly
6.2,B0100,N001VE,SEARCH,None,0.0,0.0,0.0,0.0,0.0,Enemy
6.2,B0200,N001VE,SEARCH,None,0.0,0.0,0.0,0.0,0.0,Enemy
6.4,A0100,AN/APG-68(V)9,SEARCH,B0100,84.47528685743512,0.0,0.0,0.0,0.0,Friendly
6.4,A0200,AN/APG-68(V)9,SEARCH,B0200,84.53853716000087,0.0,0.0,0.0,0.0,Friendly
6.4,B0100,N001VE,SEARCH,None,0.0,0.0,0.0,0.0,0.0,Enemy
6.4,B0200,N001VE,SEARCH,None,0.0,0.0,0.0,0.0,0.0,Enemy
6.6000000000000005,A0100,AN/APG-68(V)9,SEARCH,B0100,84.33215088661305,0.0,0.0,0.0,0.0,Friendly
6.6000000000000005,A0200,AN/APG-68(V)9,SEARCH,B0200,84.39798500259732,0.0,0.0,0.0,0.0,Friendly
6.6000000000000005,B0100,N001VE,SEARCH,None,0.0,0.0,0.0,0.0,0.0,Enemy
6.6000000000000005,B0200,N001VE,SEARCH,None,0.0,0.0,0.0,0.0,0.0,Enemy
6.800000000000001,A0100,AN/APG-68(V)9,SEARCH,B0100,84.18906336094915,0.0,0.0,0.0,0.0,Friendly
6.800000000000001,A0200,AN/APG-68(V)9,SEARCH,B0200,84.25750037612502,0.0,0.0,0.0,0.0,Friendly
6.800000000000001,B0100,N001VE,SEARCH,None,0.0,0.0,0.0,0.0,0.0,Enemy
6.800000000000001,B0200,N001VE,SEARCH,None,0.0,0.0,0.0,0.0,0.0,Enemy
7.0,A0100,AN/APG-68(V)9,SEARCH,B0100,84.04597452468525,0.0,0.0,0.0,0.0,Friendly
7.0,A0200,AN/APG-68(V)9,SEARCH,B0200,84.11699049239905,0.0,0.0,0.0,0.0,Friendly
7.0,B0100,N001VE,SEARCH,None,0.0,0.0,0.0,0.0,0.0,Enemy
7.0,B0200,N001VE,SEARCH,None,0.0,0.0,0.0,0.0,0.0,Enemy
7.2,A0100,AN/APG-68(V)9,SEARCH,B0100,83.90286395732457,0.0,0.0,0.0,0.0,Friendly
7.2,A0200,AN/APG-68(V)9,SEARCH,B0200,83.97642385752657,0.0,0.0,0.0,0.0,Friendly
7.2,B0100,N001VE,SEARCH,None,0.0,0.0,0.0,0.0,0.0,Enemy
7.2,B0200,N001VE,SEARCH,None,0.0,0.0,0.0,0.0,0.0,Enemy
7.4,A0100,AN/APG-68(V)9,SEARCH,B0100,83.7597090281884,0.0,0.0,0.0,0.0,Friendly
7.4,A0200,AN/APG-68(V)9,SEARCH,B0200,83.83581574714779,0.0,0.0,0.0,0.0,Friendly
7.4,B0100,N001VE,SEARCH,None,0.0,0.0,0.0,0.0,0.0,Enemy
7.4,B0200,N001VE,SEARCH,None,0.0,0.0,0.0,0.0,0.0,Enemy
7.6000000000000005,A0100,AN/APG-68(V)9,SEARCH,B0100,83.61654579480961,0.0,0.0,0.0,0.0,Friendly
7.6000000000000005,A0200,AN/APG-68(V)9,SEARCH,B0200,83.69522628241734,0.0,0.0,0.0,0.0,Friendly
7.6000000000000005,B0100,N001VE,SEARCH,None,0.0,0.0,0.0,0.0,0.0,Enemy
7.6000000000000005,B0200,N001VE,SEARCH,None,0.0,0.0,0.0,0.0,0.0,Enemy
7.800000000000001,A0100,AN/APG-68(V)9,SEARCH,B0100,83.47349898464057,0.0,0.0,0.0,0.0,Friendly
7.800000000000001,A0200,AN/APG-68(V)9,SEARCH,B0200,83.55475737537729,0.0,0.0,0.0,0.0,Friendly
7.800000000000001,B0100,N001VE,SEARCH,None,0.0,0.0,0.0,0.0,0.0,Enemy
7.800000000000001,B0200,N001VE,SEARCH,None,0.0,0.0,0.0,0.0,0.0,Enemy
8.0,A0100,AN/APG-68(V)9,SEARCH,B0100,83.33050647287533,0.0,0.0,0.0,0.0,Friendly
8.0,A0200,AN/APG-68(V)9,SEARCH,B0200,83.4143579816277,0.0,0.0,0.0,0.0,Friendly
8.0,B0100,N001VE,SEARCH,None,0.0,0.0,0.0,0.0,0.0,Enemy
8.0,B0200,N001VE,SEARCH,None,0.0,0.0,0.0,0.0,0.0,Enemy
8.200000000000001,A0100,AN/APG-68(V)9,SEARCH,B0100,83.18753445300574,0.0,0.0,0.0,0.0,Friendly
8.200000000000001,A0200,AN/APG-68(V)9,SEARCH,B0200,83.27401033319674,0.0,0.0,0.0,0.0,Friendly
8.200000000000001,B0100,N001VE,SEARCH,None,0.0,0.0,0.0,0.0,0.0,Enemy
8.200000000000001,B0200,N001VE,SEARCH,None,0.0,0.0,0.0,0.0,0.0,Enemy
8.4,A0100,AN/APG-68(V)9,SEARCH,B0100,83.0445632221333,0.0,0.0,0.0,0.0,Friendly
8.4,A0200,AN/APG-68(V)9,SEARCH,B0200,83.1337214363885,0.0,0.0,0.0,0.0,Friendly
8.4,B0100,N001VE,SEARCH,None,0.0,0.0,0.0,0.0,0.0,Enemy
8.4,B0200,N001VE,SEARCH,None,0.0,0.0,0.0,0.0,0.0,Enemy
8.6,A0100,AN/APG-68(V)9,SEARCH,B0100,82.90166359337024,0.0,0.0,0.0,0.0,Friendly
8.6,A0200,AN/APG-68(V)9,SEARCH,B0200,82.9935087513827,0.0,0.0,0.0,0.0,Friendly
8.6,B0100,N001VE,SEARCH,None,0.0,0.0,0.0,0.0,0.0,Enemy
8.6,B0200,N001VE,SEARCH,None,0.0,0.0,0.0,0.0,0.0,Enemy
8.8,A0100,AN/APG-68(V)9,SEARCH,B0100,82.75884550730399,0.0,0.0,0.0,0.0,Friendly
8.8,A0200,AN/APG-68(V)9,SEARCH,B0200,82.85335822306303,0.0,0.0,0.0,0.0,Friendly
8.8,B0100,N001VE,SEARCH,None,0.0,0.0,0.0,0.0,0.0,Enemy
8.8,B0200,N001VE,SEARCH,None,0.0,0.0,0.0,0.0,0.0,Enemy
9.0,A0100,AN/APG-68(V)9,SEARCH,B0100,82.61608075936715,0.0,0.0,0.0,0.0,Friendly
9.0,A0200,AN/APG-68(V)9,SEARCH,B0200,82.71319600100794,0.0,0.0,0.0,0.0,Friendly
9.0,B0100,N001VE,SEARCH,None,0.0,0.0,0.0,0.0,0.0,Enemy
9.0,B0200,N001VE,SEARCH,None,0.0,0.0,0.0,0.0,0.0,Enemy
9.200000000000001,A0100,AN/APG-68(V)9,SEARCH,B0100,82.4733872753615,0.0,0.0,0.0,0.0,Friendly
9.200000000000001,A0200,AN/APG-68(V)9,SEARCH,B0200,82.57304928474814,0.0,0.0,0.0,0.0,Friendly
9.200000000000001,B0100,N001VE,SEARCH,None,0.0,0.0,0.0,0.0,0.0,Enemy
9.200000000000001,B0200,N001VE,SEARCH,None,0.0,0.0,0.0,0.0,0.0,Enemy
9.4,A0100,AN/APG-68(V)9,SEARCH,B0100,82.33075226242536,0.0,0.0,0.0,0.0,Friendly
9.4,A0200,AN/APG-68(V)9,SEARCH,B0200,82.4329808641528,0.0,0.0,0.0,0.0,Friendly
9.4,B0100,N001VE,SEARCH,None,0.0,0.0,0.0,0.0,0.0,Enemy
9.4,B0200,N001VE,SEARCH,None,0.0,0.0,0.0,0.0,0.0,Enemy
9.600000000000001,A0100,AN/APG-68(V)9,SEARCH,B0100,82.18815997090164,0.0,0.0,0.0,0.0,Friendly
9.600000000000001,A0200,AN/APG-68(V)9,SEARCH,B0200,82.29299193908687,0.0,0.0,0.0,0.0,Friendly
9.600000000000001,B0100,N001VE,SEARCH,None,0.0,0.0,0.0,0.0,0.0,Enemy
9.600000000000001,B0200,N001VE,SEARCH,None,0.0,0.0,0.0,0.0,0.0,Enemy
9.8,A0100,AN/APG-68(V)9,SEARCH,B0100,82.04559569753077,0.0,0.0,0.0,0.0,Friendly
9.8,A0200,AN/APG-68(V)9,SEARCH,B0200,82.15308094887091,0.0,0.0,0.0,0.0,Friendly
9.8,B0100,N001VE,SEARCH,None,0.0,0.0,0.0,0.0,0.0,Enemy
9.8,B0200,N001VE,SEARCH,None,0.0,0.0,0.0,0.0,0.0,Enemy
10.0,A0100,AN/APG-68(V)9,SEARCH,B0100,81.90314099111572,0.0,0.0,0.0,0.0,Friendly
10.0,A0200,AN/APG-68(V)9,SEARCH,B0200,82.01329629175792,0.0,0.0,0.0,0.0,Friendly
10.0,B0100,N001VE,SEARCH,None,0.0,0.0,0.0,0.0,0.0,Enemy
10.0,B0200,N001VE,SEARCH,None,0.0,0.0,0.0,0.0,0.0,Enemy
10.200000000000001,A0100,AN/APG-68(V)9,SEARCH,B0100,81.76077370195904,0.0,0.0,0.0,0.0,Friendly
10.200000000000001,A0200,AN/APG-68(V)9,SEARCH,B0200,81.87361931858922,0.0,0.0,0.0,0.0,Friendly
10.200000000000001,B0100,N001VE,SEARCH,None,0.0,0.0,0.0,0.0,0.0,Enemy
10.200000000000001,B0200,N001VE,SEARCH,None,0.0,0.0,0.0,0.0,0.0,Enemy
10.4,A0100,AN/APG-68(V)9,SEARCH,B0100,81.61843187030442,0.0,0.0,0.0,0.0,Friendly
10.4,A0200,AN/APG-68(V)9,SEARCH,B0200,81.73396809702656,0.0,0.0,0.0,0.0,Friendly
10.4,B0100,N001VE,SEARCH,None,0.0,0.0,0.0,0.0,0.0,Enemy
10.4,B0200,N001VE,SEARCH,None,0.0,0.0,0.0,0.0,0.0,Enemy
10.600000000000001,A0100,AN/APG-68(V)9,SEARCH,B0100,81.47618383138055,0.0,0.0,0.0,0.0,Friendly
10.600000000000001,A0200,AN/APG-68(V)9,SEARCH,B0200,81.59438273993953,0.0,0.0,0.0,0.0,Friendly
10.600000000000001,B0100,N001VE,SEARCH,None,0.0,0.0,0.0,0.0,0.0,Enemy
10.600000000000001,B0200,N001VE,SEARCH,None,0.0,0.0,0.0,0.0,0.0,Enemy
10.8,A0100,AN/APG-68(V)9,SEARCH,B0100,81.33402797360215,0.0,0.0,0.0,0.0,Friendly
10.8,A0200,AN/APG-68(V)9,SEARCH,B0200,81.45487445845792,0.0,0.0,0.0,0.0,Friendly
10.8,B0100,N001VE,SEARCH,None,0.0,0.0,0.0,0.0,0.0,Enemy
10.8,B0200,N001VE,SEARCH,None,0.0,0.0,0.0,0.0,0.0,Enemy
11.0,A0100,AN/APG-68(V)9,SEARCH,B0100,81.19194413993492,0.0,0.0,0.0,0.0,Friendly
11.0,A0200,AN/APG-68(V)9,SEARCH,B0200,81.31542128588109,0.0,0.0,0.0,0.0,Friendly
11.0,B0100,N001VE,SEARCH,None,0.0,0.0,0.0,0.0,0.0,Enemy
11.0,B0200,N001VE,SEARCH,None,0.0,0.0,0.0,0.0,0.0,Enemy
11.200000000000001,A0100,AN/APG-68(V)9,SEARCH,B0100,81.04990912144277,0.0,0.0,0.0,0.0,Friendly
11.200000000000001,A0200,AN/APG-68(V)9,SEARCH,B0200,81.17600182783957,0.0,0.0,0.0,0.0,Friendly
11.200000000000001,B0100,N001VE,SEARCH,None,0.0,0.0,0.0,0.0,0.0,Enemy
11.200000000000001,B0200,N001VE,SEARCH,None,0.0,0.0,0.0,0.0,0.0,Enemy
11.4,A0100,AN/APG-68(V)9,TRACK,B0100,80.90800571795724,0.0,0.0,0.0,0.0,Friendly
11.4,A0200,AN/APG-68(V)9,SEARCH,B0200,81.0367070218248,0.0,0.0,0.0,0.0,Friendly
11.4,B0100,N001VE,SEARCH,None,0.0,0.0,0.0,0.0,0.0,Enemy
11.4,B0200,N001VE,SEARCH,None,0.0,0.0,0.0,0.0,0.0,Enemy
11.600000000000001,A0100,AN/APG-68(V)9,TRACK,B0100,80.76622513133569,0.0,0.0,0.0,0.0,Friendly
11.600000000000001,A0200,AN/APG-68(V)9,TRACK,B0200,80.89752455681716,0.0,0.0,0.0,0.0,Friendly
11.600000000000001,B0100,N001VE,SEARCH,None,0.0,0.0,0.0,0.0,0.0,Enemy
11.600000000000001,B0200,N001VE,SEARCH,None,0.0,0.0,0.0,0.0,0.0,Enemy
11.8,A0100,AN/APG-68(V)9,TRACK,B0100,80.62444551435128,0.0,0.0,0.0,0.0,Friendly
11.8,A0200,AN/APG-68(V)9,TRACK,B0200,80.75837842349753,0.0,0.0,0.0,0.0,Friendly
11.8,B0100,N001VE,SEARCH,None,0.0,0.0,0.0,0.0,0.0,Enemy
11.8,B0200,N001VE,SEARCH,None,0.0,0.0,0.0,0.0,0.0,Enemy
12.0,A0100,AN/APG-68(V)9,TRACK,B0100,80.48262122524736,0.0,0.0,0.0,0.0,Friendly
12.0,A0200,AN/APG-68(V)9,TRACK,B0200,80.61925487360527,0.0,0.0,0.0,0.0,Friendly
12.0,B0100,N001VE,SEARCH,None,0.0,0.0,0.0,0.0,0.0,Enemy
12.0,B0200,N001VE,SEARCH,None,0.0,0.0,0.0,0.0,0.0,Enemy
12.200000000000001,A0100,AN/APG-68(V)9,TRACK,B0100,80.34093920908543,0.0,0.0,0.0,0.0,Friendly
12.200000000000001,A0200,AN/APG-68(V)9,TRACK,B0200,80.48026227946968,0.0,0.0,0.0,0.0,Friendly
12.200000000000001,B0100,N001VE,SEARCH,None,0.0,0.0,0.0,0.0,0.0,Enemy
12.200000000000001,B0200,N001VE,SEARCH,None,0.0,0.0,0.0,0.0,0.0,Enemy
12.4,A0100,AN/APG-68(V)9,TRACK,B0100,80.1994697072746,0.0,0.0,0.0,0.0,Friendly
12.4,A0200,AN/APG-68(V)9,TRACK,B0200,80.34146432405335,0.0,0.0,0.0,0.0,Friendly
12.4,B0100,N001VE,SEARCH,None,0.0,0.0,0.0,0.0,0.0,Enemy
12.4,B0200,N001VE,SEARCH,None,0.0,0.0,0.0,0.0,0.0,Enemy
12.600000000000001,A0100,AN/APG-68(V)9,TRACK,B0100,80.05810707719313,0.0,0.0,0.0,0.0,Friendly
12.600000000000001,A0200,AN/APG-68(V)9,TRACK,B0200,80.20274300957736,0.0,0.0,0.0,0.0,Friendly
12.600000000000001,B0100,N001VE,SEARCH,None,0.0,0.0,0.0,0.0,0.0,Enemy
12.600000000000001,B0200,N001VE,SEARCH,None,0.0,0.0,0.0,0.0,0.0,Enemy
12.8,A0100,AN/APG-68(V)9,TRACK,B0100,79.91680510936544,0.0,0.0,0.0,0.0,Friendly
12.8,A0200,AN/APG-68(V)9,TRACK,B0200,80.06407065017898,0.0,0.0,0.0,0.0,Friendly
12.8,B0100,N001VE,SEARCH,None,0.0,0.0,0.0,0.0,0.0,Enemy
12.8,B0200,N001VE,SEARCH,None,0.0,0.0,0.0,0.0,0.0,Enemy
13.0,A0100,AN/APG-68(V)9,TRACK,B0100,79.77564295243292,0.0,0.0,0.0,0.0,Friendly
13.0,A0200,AN/APG-68(V)9,TRACK,B0200,79.92552103407839,0.0,0.0,0.0,0.0,Friendly
13.0,B0100,N001VE,SEARCH,None,0.0,0.0,0.0,0.0,0.0,Enemy
13.0,B0200,N001VE,SEARCH,None,0.0,0.0,0.0,0.0,0.0,Enemy
13.200000000000001,A0100,AN/APG-68(V)9,TRACK,B0100,79.63453629919007,0.0,0.0,0.0,0.0,Friendly
13.200000000000001,A0200,AN/APG-68(V)9,TRACK,B0200,79.78702157387791,0.0,0.0,0.0,0.0,Friendly
13.200000000000001,B0100,N001VE,SEARCH,None,0.0,0.0,0.0,0.0,0.0,Enemy
13.200000000000001,B0200,N001VE,SEARCH,None,0.0,0.0,0.0,0.0,0.0,Enemy
13.4,A0100,AN/APG-68(V)9,TRACK,B0100,79.49340396407621,0.0,0.0,0.0,0.0,Friendly
13.4,A0200,AN/APG-68(V)9,TRACK,B0200,79.64853494712023,0.0,0.0,0.0,0.0,Friendly
13.4,B0100,N001VE,SEARCH,None,0.0,0.0,0.0,0.0,0.0,Enemy
13.4,B0200,N001VE,SEARCH,None,0.0,0.0,0.0,0.0,0.0,Enemy
13.600000000000001,A0100,AN/APG-68(V)9,TRACK,B0100,79.35239296811174,0.0,0.0,0.0,0.0,Friendly
13.600000000000001,A0200,AN/APG-68(V)9,TRACK,B0200,79.51017013662083,0.0,0.0,0.0,0.0,Friendly
13.600000000000001,B0100,N001VE,SEARCH,None,0.0,0.0,0.0,0.0,0.0,Enemy
13.600000000000001,B0200,N001VE,SEARCH,None,0.0,0.0,0.0,0.0,0.0,Enemy
13.8,A0100,AN/APG-68(V)9,TRACK,B0100,79.21160523359327,0.0,0.0,0.0,0.0,Friendly
13.8,A0200,AN/APG-68(V)9,TRACK,B0200,79.37204071947285,0.0,0.0,0.0,0.0,Friendly
13.8,B0100,N001VE,SEARCH,None,0.0,0.0,0.0,0.0,0.0,Enemy
13.8,B0200,N001VE,SEARCH,None,0.0,0.0,0.0,0.0,0.0,Enemy
14.0,A0100,AN/APG-68(V)9,TRACK,B0100,79.07099959334705,0.0,0.0,0.0,0.0,Friendly
14.0,A0200,AN/APG-68(V)9,TRACK,B0200,79.2341089836883,0.0,0.0,0.0,0.0,Friendly
14.0,B0100,N001VE,SEARCH,None,0.0,0.0,0.0,0.0,0.0,Enemy
14.0,B0200,N001VE,SEARCH,None,0.0,0.0,0.0,0.0,0.0,Enemy
14.200000000000001,A0100,AN/APG-68(V)9,TRACK,B0100,78.93037008873819,0.0,0.0,0.0,0.0,Friendly
14.200000000000001,A0200,AN/APG-68(V)9,TRACK,B0200,79.09618102058157,0.0,0.0,0.0,0.0,Friendly
14.200000000000001,B0100,N001VE,SEARCH,None,0.0,0.0,0.0,0.0,0.0,Enemy
14.200000000000001,B0200,N001VE,SEARCH,None,0.0,0.0,0.0,0.0,0.0,Enemy
14.4,A0100,AN/APG-68(V)9,TRACK,B0100,78.78958736256561,0.0,0.0,0.0,0.0,Friendly
14.4,A0200,AN/APG-68(V)9,TRACK,B0200,78.9581043333924,0.0,0.0,0.0,0.0,Friendly
14.4,B0100,N001VE,SEARCH,None,0.0,0.0,0.0,0.0,0.0,Enemy
14.4,B0200,N001VE,SEARCH,None,0.0,0.0,0.0,0.0,0.0,Enemy
14.600000000000001,A0100,AN/APG-68(V)9,TRACK,B0100,78.64864455203818,0.0,0.0,0.0,0.0,Friendly
14.600000000000001,A0200,AN/APG-68(V)9,TRACK,B0200,78.81985404644291,0.0,0.0,0.0,0.0,Friendly
14.600000000000001,B0100,N001VE,SEARCH,None,0.0,0.0,0.0,0.0,0.0,Enemy
14.600000000000001,B0200,N001VE,SEARCH,None,0.0,0.0,0.0,0.0,0.0,Enemy
14.8,A0100,AN/APG-68(V)9,TRACK,B0100,78.50758778840773,0.0,0.0,0.0,0.0,Friendly
14.8,A0200,AN/APG-68(V)9,TRACK,B0200,78.68151034805202,0.0,0.0,0.0,0.0,Friendly
14.8,B0100,N001VE,SEARCH,None,0.0,0.0,0.0,0.0,0.0,Enemy
14.8,B0200,N001VE,SEARCH,None,0.0,0.0,0.0,0.0,0.0,Enemy
15.0,A0100,AN/APG-68(V)9,TRACK,B0100,78.36658933264809,0.0,0.0,0.0,0.0,Friendly
15.0,A0200,AN/APG-68(V)9,TRACK,B0200,78.54327474706123,0.0,0.0,0.0,0.0,Friendly
15.0,B0100,N001VE,SEARCH,None,0.0,0.0,0.0,0.0,0.0,Enemy
15.0,B0200,N001VE,SEARCH,None,0.0,0.0,0.0,0.0,0.0,Enemy
15.200000000000001,A0100,AN/APG-68(V)9,TRACK,B0100,78.22579577891024,0.0,0.0,0.0,0.0,Friendly
15.200000000000001,A0200,AN/APG-68(V)9,TRACK,B0200,78.40521879225561,0.0,0.0,0.0,0.0,Friendly
15.200000000000001,B0100,N001VE,SEARCH,None,0.0,0.0,0.0,0.0,0.0,Enemy
15.200000000000001,B0200,N001VE,SEARCH,None,0.0,0.0,0.0,0.0,0.0,Enemy
15.4,A0100,AN/APG-68(V)9,TRACK,B0100,78.0852035958401,0.0,0.0,0.0,0.0,Friendly
15.4,A0200,AN/APG-68(V)9,TRACK,B0200,78.26732214013022,0.0,0.0,0.0,0.0,Friendly
15.4,B0100,N001VE,SEARCH,None,0.0,0.0,0.0,0.0,0.0,Enemy
15.4,B0200,N001VE,SEARCH,None,0.0,0.0,0.0,0.0,0.0,Enemy
15.600000000000001,A0100,AN/APG-68(V)9,TRACK,B0100,77.94472994489016,0.0,0.0,0.0,0.0,Friendly
15.600000000000001,A0200,AN/APG-68(V)9,TRACK,B0200,78.12947824180853,0.0,0.0,0.0,0.0,Friendly
15.600000000000001,B0100,N001VE,SEARCH,None,0.0,0.0,0.0,0.0,0.0,Enemy
15.600000000000001,B0200,N001VE,SEARCH,None,0.0,0.0,0.0,0.0,0.0,Enemy
15.8,A0100,AN/APG-68(V)9,TRACK,B0100,77.80434334460317,0.0,0.0,0.0,0.0,Friendly
15.8,A0200,AN/APG-68(V)9,TRACK,B0200,77.99170697696245,0.0,0.0,0.0,0.0,Friendly
15.8,B0100,N001VE,SEARCH,None,0.0,0.0,0.0,0.0,0.0,Enemy
15.8,B0200,N001VE,SEARCH,None,0.0,0.0,0.0,0.0,0.0,Enemy
16.0,A0100,AN/APG-68(V)9,TRACK,B0100,77.6641080366085,0.0,0.0,0.0,0.0,Friendly
16.0,A0200,AN/APG-68(V)9,TRACK,B0200,77.8541117653423,0.0,0.0,0.0,0.0,Friendly
16.0,B0100,N001VE,SEARCH,None,0.0,0.0,0.0,0.0,0.0,Enemy
16.0,B0200,N001VE,SEARCH,None,0.0,0.0,0.0,0.0,0.0,Enemy
16.2,A0100,AN/APG-68(V)9,TRACK,B0100,77.52400895244988,0.0,0.0,0.0,0.0,Friendly
16.2,A0200,AN/APG-68(V)9,TRACK,B0200,77.71671248050463,0.0,0.0,0.0,0.0,Friendly
16.2,B0100,N001VE,SEARCH,None,0.0,0.0,0.0,0.0,0.0,Enemy
16.2,B0200,N001VE,SEARCH,None,0.0,0.0,0.0,0.0,0.0,Enemy
16.400000000000002,A0100,AN/APG-68(V)9,TRACK,B0100,77.38407935598335,0.0,0.0,0.0,0.0,Friendly
16.400000000000002,A0200,AN/APG-68(V)9,TRACK,B0200,77.57952341021786,0.0,0.0,0.0,0.0,Friendly
16.400000000000002,B0100,N001VE,SEARCH,None,0.0,0.0,0.0,0.0,0.0,Enemy
16.400000000000002,B0200,N001VE,SEARCH,None,0.0,0.0,0.0,0.0,0.0,Enemy
16.6,A0100,AN/APG-68(V)9,TRACK,B0100,77.24438595478289,0.0,0.0,0.0,0.0,Friendly
16.6,A0200,AN/APG-68(V)9,TRACK,B0200,77.44255980186378,0.0,0.0,0.0,0.0,Friendly
16.6,B0100,N001VE,SEARCH,None,0.0,0.0,0.0,0.0,0.0,Enemy
16.6,B0200,N001VE,SEARCH,None,0.0,0.0,0.0,0.0,0.0,Enemy
16.8,A0100,AN/APG-68(V)9,TRACK,B0100,77.10498704721796,0.0,0.0,0.0,0.0,Friendly
16.8,A0200,AN/APG-68(V)9,TRACK,B0200,77.30577227513763,0.0,0.0,0.0,0.0,Friendly
16.8,B0100,N001VE,SEARCH,None,0.0,0.0,0.0,0.0,0.0,Enemy
16.8,B0200,N001VE,SEARCH,None,0.0,0.0,0.0,0.0,0.0,Enemy
17.0,A0100,AN/APG-68(V)9,TRACK,B0100,76.96585399732163,0.0,0.0,0.0,0.0,Friendly
17.0,A0200,AN/APG-68(V)9,TRACK,B0200,77.16914573479514,0.0,0.0,0.0,0.0,Friendly
17.0,B0100,N001VE,SEARCH,None,0.0,0.0,0.0,0.0,0.0,Enemy
17.0,B0200,N001VE,SEARCH,None,0.0,0.0,0.0,0.0,0.0,Enemy
17.2,A0100,AN/APG-68(V)9,TRACK,B0100,76.82687076039466,0.0,0.0,0.0,0.0,Friendly
17.2,A0200,AN/APG-68(V)9,TRACK,B0200,77.03257858498918,0.0,0.0,0.0,0.0,Friendly
17.2,B0100,N001VE,SEARCH,None,0.0,0.0,0.0,0.0,0.0,Enemy
17.2,B0200,N001VE,SEARCH,None,0.0,0.0,0.0,0.0,0.0,Enemy
17.400000000000002,A0100,AN/APG-68(V)9,TRACK,B0100,76.68789751329925,0.0,0.0,0.0,0.0,Friendly
17.400000000000002,A0200,AN/APG-68(V)9,TRACK,B0200,76.89600295967846,0.0,0.0,0.0,0.0,Friendly
17.400000000000002,B0100,N001VE,SEARCH,None,0.0,0.0,0.0,0.0,0.0,Enemy
17.400000000000002,B0200,N001VE,SEARCH,None,0.0,0.0,0.0,0.0,0.0,Enemy
17.6,A0100,AN/APG-68(V)9,TRACK,B0100,76.54887060961077,0.0,0.0,0.0,0.0,Friendly
17.6,A0200,AN/APG-68(V)9,TRACK,B0200,76.75943202322424,0.0,0.0,0.0,0.0,Friendly
17.6,B0100,N001VE,SEARCH,None,0.0,0.0,0.0,0.0,0.0,Enemy
17.6,B0200,N001VE,SEARCH,None,0.0,0.0,0.0,0.0,0.0,Enemy
17.8,A0100,AN/APG-68(V)9,TRACK,B0100,76.40978315793596,0.0,0.0,0.0,0.0,Friendly
17.8,A0200,AN/APG-68(V)9,TRACK,B0200,76.62287017607717,0.0,0.0,0.0,0.0,Friendly
17.8,B0100,N001VE,SEARCH,None,0.0,0.0,0.0,0.0,0.0,Enemy
17.8,B0200,N001VE,SEARCH,None,0.0,0.0,0.0,0.0,0.0,Enemy
18.0,A0100,AN/APG-68(V)9,TRACK,B0100,76.27067919294983,0.0,0.0,0.0,0.0,Friendly
18.0,A0200,AN/APG-68(V)9,TRACK,B0200,76.48630983666197,0.0,0.0,0.0,0.0,Friendly
18.0,B0100,N001VE,SEARCH,None,0.0,0.0,0.0,0.0,0.0,Enemy
18.0,B0200,N001VE,SEARCH,None,0.0,0.0,0.0,0.0,0.0,Enemy
18.2,A0100,AN/APG-68(V)9,TRACK,B0100,76.13159184062722,0.0,0.0,0.0,0.0,Friendly
18.2,A0200,AN/APG-68(V)9,TRACK,B0200,76.34966880613513,0.0,0.0,0.0,0.0,Friendly
18.2,B0100,N001VE,SEARCH,None,0.0,0.0,0.0,0.0,0.0,Enemy
18.2,B0200,N001VE,SEARCH,None,0.0,0.0,0.0,0.0,0.0,Enemy
18.400000000000002,A0100,AN/APG-68(V)9,TRACK,B0100,75.99249127763424,0.0,0.0,0.0,0.0,Friendly
18.400000000000002,A0200,AN/APG-68(V)9,TRACK,B0200,76.21293801711401,0.0,0.0,0.0,0.0,Friendly
18.400000000000002,B0100,N001VE,SEARCH,None,0.0,0.0,0.0,0.0,0.0,Enemy
18.400000000000002,B0200,N001VE,SEARCH,None,0.0,0.0,0.0,0.0,0.0,Enemy
18.6,A0100,AN/APG-68(V)9,TRACK,B0100,75.85336056874912,0.0,0.0,0.0,0.0,Friendly
18.6,A0200,AN/APG-68(V)9,TRACK,B0200,76.07612989341197,0.0,0.0,0.0,0.0,Friendly
18.6,B0100,N001VE,SEARCH,None,0.0,0.0,0.0,0.0,0.0,Enemy
18.6,B0200,N001VE,SEARCH,None,0.0,0.0,0.0,0.0,0.0,Enemy
18.8,A0100,AN/APG-68(V)9,TRACK,B0100,75.71422518169511,0.0,0.0,0.0,0.0,Friendly
18.8,A0200,AN/APG-68(V)9,TRACK,B0200,75.93934856959905,0.0,0.0,0.0,0.0,Friendly
18.8,B0100,N001VE,SEARCH,None,0.0,0.0,0.0,0.0,0.0,Enemy
18.8,B0200,N001VE,SEARCH,None,0.0,0.0,0.0,0.0,0.0,Enemy
19.0,A0100,AN/APG-68(V)9,TRACK,B0100,75.5751191476259,0.0,0.0,0.0,0.0,Friendly
19.0,A0200,AN/APG-68(V)9,TRACK,B0200,75.80267807383849,0.0,0.0,0.0,0.0,Friendly
19.0,B0100,N001VE,SEARCH,None,0.0,0.0,0.0,0.0,0.0,Enemy
19.0,B0200,N001VE,SEARCH,None,0.0,0.0,0.0,0.0,0.0,Enemy
19.200000000000003,A0100,AN/APG-68(V)9,TRACK,B0100,75.4359848965371,0.0,0.0,0.0,0.0,Friendly
19.200000000000003,A0200,AN/APG-68(V)9,TRACK,B0200,75.66605076551828,0.0,0.0,0.0,0.0,Friendly
19.200000000000003,B0100,N001VE,SEARCH,None,0.0,0.0,0.0,0.0,0.0,Enemy
19.200000000000003,B0200,N001VE,SEARCH,None,0.0,0.0,0.0,0.0,0.0,Enemy
19.400000000000002,A0100,AN/APG-68(V)9,TRACK,B0100,75.29681717750448,0.0,0.0,0.0,0.0,Friendly
19.400000000000002,A0200,AN/APG-68(V)9,TRACK,B0200,75.52944686369297,0.0,0.0,0.0,0.0,Friendly
19.400000000000002,B0100,N001VE,SEARCH,None,0.0,0.0,0.0,0.0,0.0,Enemy
19.400000000000002,B0200,N001VE,SEARCH,None,0.0,0.0,0.0,0.0,0.0,Enemy
19.6,A0100,AN/APG-68(V)9,TRACK,B0100,75.15765806103796,0.0,0.0,0.0,0.0,Friendly
19.6,A0200,AN/APG-68(V)9,TRACK,B0200,75.3928465621212,0.0,0.0,0.0,0.0,Friendly
19.6,B0100,N001VE,SEARCH,None,0.0,0.0,0.0,0.0,0.0,Enemy
19.6,B0200,N001VE,SEARCH,None,0.0,0.0,0.0,0.0,0.0,Enemy
19.8,A0100,AN/APG-68(V)9,TRACK,B0100,75.01853452490901,0.0,0.0,0.0,0.0,Friendly
19.8,A0200,AN/APG-68(V)9,TRACK,B0200,75.25620350837963,0.0,0.0,0.0,0.0,Friendly
19.8,B0100,N001VE,SEARCH,None,0.0,0.0,0.0,0.0,0.0,Enemy
19.8,B0200,N001VE,SEARCH,None,0.0,0.0,0.0,0.0,0.0,Enemy
20.0,A0100,AN/APG-68(V)9,TRACK,B0100,74.87950935146166,0.0,0.0,0.0,0.0,Friendly
20.0,A0200,AN/APG-68(V)9,TRACK,B0200,75.11957287385732,0.0,0.0,0.0,0.0,Friendly
20.0,B0100,N001VE,SEARCH,None,0.0,0.0,0.0,0.0,0.0,Enemy
20.0,B0200,N001VE,SEARCH,None,0.0,0.0,0.0,0.0,0.0,Enemy
20.200000000000003,A0100,AN/APG-68(V)9,TRACK,B0100,74.74049839065408,0.0,0.0,0.0,0.0,Friendly
20.200000000000003,A0200,AN/APG-68(V)9,TRACK,B0200,74.98290644089563,0.0,0.0,0.0,0.0,Friendly
20.200000000000003,B0100,N001VE,SEARCH,None,0.0,0.0,0.0,0.0,0.0,Enemy
20.200000000000003,B0200,N001VE,SEARCH,None,0.0,0.0,0.0,0.0,0.0,Enemy
20.400000000000002,A0100,AN/APG-68(V)9,TRACK,B0100,74.60144593779657,0.0,0.0,0.0,0.0,Friendly
20.400000000000002,A0200,AN/APG-68(V)9,TRACK,B0200,74.84621903072134,0.0,0.0,0.0,0.0,Friendly
20.400000000000002,B0100,N001VE,SEARCH,None,0.0,0.0,0.0,0.0,0.0,Enemy
20.400000000000002,B0200,N001VE,SEARCH,None,0.0,0.0,0.0,0.0,0.0,Enemy
20.6,A0100,AN/APG-68(V)9,TRACK,B0100,74.46235746161096,0.0,0.0,0.0,0.0,Friendly
20.6,A0200,AN/APG-68(V)9,TRACK,B0200,74.70957665259263,0.0,0.0,0.0,0.0,Friendly
20.6,B0100,N001VE,SEARCH,None,0.0,0.0,0.0,0.0,0.0,Enemy
20.6,B0200,N001VE,SEARCH,None,0.0,0.0,0.0,0.0,0.0,Enemy
20.8,A0100,AN/APG-68(V)9,TRACK,B0100,74.32334706104102,0.0,0.0,0.0,0.0,Friendly
20.8,A0200,AN/APG-68(V)9,TRACK,B0200,74.57306309072742,0.0,0.0,0.0,0.0,Friendly
20.8,B0100,N001VE,SEARCH,None,0.0,0.0,0.0,0.0,0.0,Enemy
20.8,B0200,N001VE,SEARCH,None,0.0,0.0,0.0,0.0,0.0,Enemy
21.0,A0100,AN/APG-68(V)9,TRACK,B0100,74.18458054077598,0.0,0.0,0.0,0.0,Friendly
21.0,A0200,AN/APG-68(V)9,TRACK,B0200,74.43668655488479,0.0,0.0,0.0,0.0,Friendly
21.0,B0100,N001VE,SEARCH,None,0.0,0.0,0.0,0.0,0.0,Enemy
21.0,B0200,N001VE,SEARCH,None,0.0,0.0,0.0,0.0,0.0,Enemy
21.200000000000003,A0100,AN/APG-68(V)9,TRACK,B0100,74.0459954680128,0.0,0.0,0.0,0.0,Friendly
21.200000000000003,A0200,AN/APG-68(V)9,TRACK,B0200,74.30033389770246,0.0,0.0,0.0,0.0,Friendly
21.200000000000003,B0100,N001VE,SEARCH,None,0.0,0.0,0.0,0.0,0.0,Enemy
21.200000000000003,B0200,N001VE,SEARCH,None,0.0,0.0,0.0,0.0,0.0,Enemy
21.400000000000002,A0100,AN/APG-68(V)9,TRACK,B0100,73.90745950021204,0.0,0.0,0.0,0.0,Friendly
21.400000000000002,A0200,AN/APG-68(V)9,TRACK,B0200,74.16396331747784,0.0,0.0,0.0,0.0,Friendly
21.400000000000002,B0100,N001VE,SEARCH,None,0.0,0.0,0.0,0.0,0.0,Enemy
21.400000000000002,B0200,N001VE,SEARCH,None,0.0,0.0,0.0,0.0,0.0,Enemy
21.6,A0100,AN/APG-68(V)9,TRACK,B0100,73.76892151747128,0.0,0.0,0.0,0.0,Friendly
21.6,A0200,AN/APG-68(V)9,TRACK,B0200,74.02758171716405,0.0,0.0,0.0,0.0,Friendly
21.6,B0100,N001VE,SEARCH,None,0.0,0.0,0.0,0.0,0.0,Enemy
21.6,B0200,N001VE,SEARCH,None,0.0,0.0,0.0,0.0,0.0,Enemy
21.8,A0100,AN/APG-68(V)9,TRACK,B0100,73.63037388379635,0.0,0.0,0.0,0.0,Friendly
21.8,A0200,AN/APG-68(V)9,TRACK,B0200,73.891226226047,0.0,0.0,0.0,0.0,Friendly
21.8,B0100,N001VE,SEARCH,None,0.0,0.0,0.0,0.0,0.0,Enemy
21.8,B0200,N001VE,SEARCH,None,0.0,0.0,0.0,0.0,0.0,Enemy
22.0,A0100,AN/APG-68(V)9,TRACK,B0100,73.49183592443465,0.0,0.0,0.0,0.0,Friendly
22.0,A0200,AN/APG-68(V)9,TRACK,B0200,73.75497436110281,0.0,0.0,0.0,0.0,Friendly
22.0,B0100,N001VE,SEARCH,None,0.0,0.0,0.0,0.0,0.0,Enemy
22.0,B0200,N001VE,SEARCH,None,0.0,0.0,0.0,0.0,0.0,Enemy
22.200000000000003,A0100,AN/APG-68(V)9,TRACK,B0100,73.35339381230585,0.0,0.0,0.0,0.0,Friendly
22.200000000000003,A0200,AN/APG-68(V)9,TRACK,B0200,73.61888382446632,0.0,0.0,0.0,0.0,Friendly
22.200000000000003,B0100,N001VE,SEARCH,None,0.0,0.0,0.0,0.0,0.0,Enemy
22.200000000000003,B0200,N001VE,SEARCH,None,0.0,0.0,0.0,0.0,0.0,Enemy
22.400000000000002,A0100,AN/APG-68(V)9,TRACK,B0100,73.21508608712854,0.0,0.0,0.0,0.0,Friendly
22.400000000000002,A0200,AN/APG-68(V)9,TRACK,B0200,73.48294403409524,0.0,0.0,0.0,0.0,Friendly
22.400000000000002,B0100,N001VE,SEARCH,None,0.0,0.0,0.0,0.0,0.0,Enemy
22.400000000000002,B0200,N001VE,SEARCH,None,0.0,0.0,0.0,0.0,0.0,Enemy
22.6,A0100,AN/APG-68(V)9,TRACK,B0100,73.07689278483166,0.0,0.0,0.0,0.0,Friendly
22.6,A0200,AN/APG-68(V)9,TRACK,B0200,73.34706278930187,0.0,0.0,0.0,0.0,Friendly
22.6,B0100,N001VE,SEARCH,None,0.0,0.0,0.0,0.0,0.0,Enemy
22.6,B0200,N001VE,SEARCH,None,0.0,0.0,0.0,0.0,0.0,Enemy
22.8,A0100,AN/APG-68(V)9,TRACK,B0100,72.9387974273438,0.0,0.0,0.0,0.0,Friendly
22.8,A0200,AN/APG-68(V)9,TRACK,B0200,73.21130123648464,0.0,0.0,0.0,0.0,Friendly
22.8,B0100,N001VE,SEARCH,None,0.0,0.0,0.0,0.0,0.0,Enemy
22.8,B0200,N001VE,SEARCH,None,0.0,0.0,0.0,0.0,0.0,Enemy
23.0,A0100,AN/APG-68(V)9,TRACK,B0100,72.80080057586639,0.0,0.0,0.0,0.0,Friendly
23.0,A0200,AN/APG-68(V)9,TRACK,B0200,73.07561738281174,0.0,0.0,0.0,0.0,Friendly
23.0,B0100,N001VE,SEARCH,None,0.0,0.0,0.0,0.0,0.0,Enemy
23.0,B0200,N001VE,SEARCH,None,0.0,0.0,0.0,0.0,0.0,Enemy
23.200000000000003,A0100,AN/APG-68(V)9,TRACK,B0100,72.662856280009,0.0,0.0,0.0,0.0,Friendly
23.200000000000003,A0200,AN/APG-68(V)9,TRACK,B0200,72.93989439220277,0.0,0.0,0.0,0.0,Friendly
23.200000000000003,B0100,N001VE,SEARCH,None,0.0,0.0,0.0,0.0,0.0,Enemy
23.200000000000003,B0200,N001VE,SEARCH,None,0.0,0.0,0.0,0.0,0.0,Enemy
23.400000000000002,A0100,AN/APG-68(V)9,TRACK,B0100,72.52493796300449,0.0,0.0,0.0,0.0,Friendly
23.400000000000002,A0200,AN/APG-68(V)9,TRACK,B0200,72.80408289540546,0.0,0.0,0.0,0.0,Friendly
23.400000000000002,B0100,N001VE,SEARCH,None,0.0,0.0,0.0,0.0,0.0,Enemy
23.400000000000002,B0200,N001VE,SEARCH,None,0.0,0.0,0.0,0.0,0.0,Enemy
23.6,A0100,AN/APG-68(V)9,TRACK,B0100,72.38713868856347,0.0,0.0,0.0,0.0,Friendly
23.6,A0200,AN/APG-68(V)9,TRACK,B0200,72.66831210701584,0.0,0.0,0.0,0.0,Friendly
23.6,B0100,N001VE,SEARCH,None,0.0,0.0,0.0,0.0,0.0,Enemy
23.6,B0200,N001VE,SEARCH,None,0.0,0.0,0.0,0.0,0.0,Enemy
23.8,A0100,AN/APG-68(V)9,TRACK,B0100,72.24949955216242,0.0,0.0,0.0,0.0,Friendly
23.8,A0200,AN/APG-68(V)9,TRACK,B0200,72.53260540300188,0.0,0.0,0.0,0.0,Friendly
23.8,B0100,N001VE,SEARCH,None,0.0,0.0,0.0,0.0,0.0,Enemy
23.8,B0200,N001VE,SEARCH,None,0.0,0.0,0.0,0.0,0.0,Enemy
24.0,A0100,AN/APG-68(V)9,TRACK,B0100,72.1120348737989,0.0,0.0,0.0,0.0,Friendly
24.0,A0200,AN/APG-68(V)9,TRACK,B0200,72.39689582013368,0.0,0.0,0.0,0.0,Friendly
24.0,B0100,N001VE,SEARCH,None,0.0,0.0,0.0,0.0,0.0,Enemy
24.0,B0200,N001VE,SEARCH,None,0.0,0.0,0.0,0.0,0.0,Enemy
24.200000000000003,A0100,AN/APG-68(V)9,TRACK,B0100,71.97467353791751,0.0,0.0,0.0,0.0,Friendly
24.200000000000003,A0200,AN/APG-68(V)9,TRACK,B0200,72.26111508418718,0.0,0.0,0.0,0.0,Friendly
24.200000000000003,B0100,N001VE,SEARCH,None,0.0,0.0,0.0,0.0,0.0,Enemy
24.200000000000003,B0200,N001VE,SEARCH,None,0.0,0.0,0.0,0.0,0.0,Enemy
24.400000000000002,A0100,AN/APG-68(V)9,TRACK,B0100,71.83735422398608,0.0,0.0,0.0,0.0,Friendly
24.400000000000002,A0200,AN/APG-68(V)9,TRACK,B0200,72.12540732976854,0.0,0.0,0.0,0.0,Friendly
24.400000000000002,B0100,N001VE,SEARCH,None,0.0,0.0,0.0,0.0,0.0,Enemy
24.400000000000002,B0200,N001VE,SEARCH,None,0.0,0.0,0.0,0.0,0.0,Enemy
24.6,A0100,AN/APG-68(V)9,TRACK,B0100,71.6999490991158,0.0,0.0,0.0,0.0,Friendly
24.6,A0200,AN/APG-68(V)9,TRACK,B0200,71.98969394358022,0.0,0.0,0.0,0.0,Friendly
24.6,B0100,N001VE,SEARCH,None,0.0,0.0,0.0,0.0,0.0,Enemy
24.6,B0200,N001VE,SEARCH,None,0.0,0.0,0.0,0.0,0.0,Enemy
24.8,A0100,AN/APG-68(V)9,TRACK,B0100,71.56254633994237,0.0,0.0,0.0,0.0,Friendly
24.8,A0200,AN/APG-68(V)9,TRACK,B0200,71.85393613172205,0.0,0.0,0.0,0.0,Friendly
24.8,B0100,N001VE,SEARCH,None,0.0,0.0,0.0,0.0,0.0,Enemy
24.8,B0200,N001VE,SEARCH,None,0.0,0.0,0.0,0.0,0.0,Enemy
25.0,A0100,AN/APG-68(V)9,TRACK,B0100,71.42530612148418,0.0,0.0,0.0,0.0,Friendly
25.0,A0200,AN/APG-68(V)9,TRACK,B0200,71.71828294504029,0.0,0.0,0.0,0.0,Friendly
25.0,B0100,N001VE,SEARCH,None,0.0,0.0,0.0,0.0,0.0,Enemy
25.0,B0200,N001VE,SEARCH,None,0.0,0.0,0.0,0.0,0.0,Enemy
25.200000000000003,A0100,AN/APG-68(V)9,TRACK,B0100,71.28825545694612,0.0,0.0,0.0,0.0,Friendly
25.200000000000003,A0200,AN/APG-68(V)9,TRACK,B0200,71.58281779603587,0.0,0.0,0.0,0.0,Friendly
25.200000000000003,B0100,N001VE,SEARCH,None,0.0,0.0,0.0,0.0,0.0,Enemy
25.200000000000003,B0200,N001VE,SEARCH,None,0.0,0.0,0.0,0.0,0.0,Enemy
25.400000000000002,A0100,AN/APG-68(V)9,TRACK,B0100,71.15136249316184,0.0,0.0,0.0,0.0,Friendly
25.400000000000002,A0200,AN/APG-68(V)9,TRACK,B0200,71.44739965945362,0.0,0.0,0.0,0.0,Friendly
25.400000000000002,B0100,N001VE,SEARCH,None,0.0,0.0,0.0,0.0,0.0,Enemy
25.400000000000002,B0200,N001VE,SEARCH,None,0.0,0.0,0.0,0.0,0.0,Enemy
25.6,A0100,AN/APG-68(V)9,TRACK,B0100,71.01461999564476,0.0,0.0,0.0,0.0,Friendly
25.6,A0200,AN/APG-68(V)9,TRACK,B0200,71.31202429188704,0.0,0.0,0.0,0.0,Friendly
25.6,B0100,N001VE,SEARCH,None,0.0,0.0,0.0,0.0,0.0,Enemy
25.6,B0200,N001VE,SEARCH,None,0.0,0.0,0.0,0.0,0.0,Enemy
25.8,A0100,AN/APG-68(V)9,TRACK,B0100,70.877838835591,0.0,0.0,0.0,0.0,Friendly
25.8,A0200,AN/APG-68(V)9,TRACK,B0200,71.17664039079737,0.0,0.0,0.0,0.0,Friendly
25.8,B0100,N001VE,SEARCH,None,0.0,0.0,0.0,0.0,0.0,Enemy
25.8,B0200,N001VE,SEARCH,None,0.0,0.0,0.0,0.0,0.0,Enemy
26.0,A0100,AN/APG-68(V)9,TRACK,B0100,70.74107338315802,0.0,0.0,0.0,0.0,Friendly
26.0,A0200,AN/APG-68(V)9,TRACK,B0200,71.04138031544178,0.0,0.0,0.0,0.0,Friendly
26.0,B0100,N001VE,SEARCH,None,0.0,0.0,0.0,0.0,0.0,Enemy
26.0,B0200,N001VE,SEARCH,None,0.0,0.0,0.0,0.0,0.0,Enemy
26.200000000000003,A0100,AN/APG-68(V)9,TRACK,B0100,70.60443771804015,0.0,0.0,0.0,0.0,Friendly
26.200000000000003,A0200,AN/APG-68(V)9,TRACK,B0200,70.90640087777318,0.0,0.0,0.0,0.0,Friendly
26.200000000000003,B0100,N001VE,SEARCH,None,0.0,0.0,0.0,0.0,0.0,Enemy
26.200000000000003,B0200,N001VE,SEARCH,None,0.0,0.0,0.0,0.0,0.0,Enemy
26.400000000000002,A0100,AN/APG-68(V)9,TRACK,B0100,70.46780609216916,0.0,0.0,0.0,0.0,Friendly
26.400000000000002,A0200,AN/APG-68(V)9,TRACK,B0200,70.7715552167236,0.0,0.0,0.0,0.0,Friendly
26.400000000000002,B0100,N001VE,SEARCH,None,0.0,0.0,0.0,0.0,0.0,Enemy
26.400000000000002,B0200,N001VE,SEARCH,None,0.0,0.0,0.0,0.0,0.0,Enemy
26.6,A0100,AN/APG-68(V)9,TRACK,B0100,70.33107211960674,0.0,0.0,0.0,0.0,Friendly
26.6,A0200,AN/APG-68(V)9,TRACK,B0200,70.63667069062963,0.0,0.0,0.0,0.0,Friendly
26.6,B0100,N001VE,SEARCH,None,0.0,0.0,0.0,0.0,0.0,Enemy
26.6,B0200,N001VE,SEARCH,None,0.0,0.0,0.0,0.0,0.0,Enemy
26.8,A0100,AN/APG-68(V)9,TRACK,B0100,70.19435846036335,0.0,0.0,0.0,0.0,Friendly
26.8,A0200,AN/APG-68(V)9,TRACK,B0200,70.50168881188095,0.0,0.0,0.0,0.0,Friendly
26.8,B0100,N001VE,SEARCH,None,0.0,0.0,0.0,0.0,0.0,Enemy
26.8,B0200,N001VE,SEARCH,None,0.0,0.0,0.0,0.0,0.0,Enemy
27.0,A0100,AN/APG-68(V)9,TRACK,B0100,70.05792292649815,0.0,0.0,0.0,0.0,Friendly
27.0,A0200,AN/APG-68(V)9,TRACK,B0200,70.36675469995401,0.0,0.0,0.0,0.0,Friendly
27.0,B0100,N001VE,SEARCH,None,0.0,0.0,0.0,0.0,0.0,Enemy
27.0,B0200,N001VE,SEARCH,None,0.0,0.0,0.0,0.0,0.0,Enemy
27.200000000000003,A0100,AN/APG-68(V)9,TRACK,B0100,69.9217556668324,0.0,0.0,0.0,0.0,Friendly
27.200000000000003,A0200,AN/APG-68(V)9,TRACK,B0200,70.23198462873574,0.0,0.0,0.0,0.0,Friendly
27.200000000000003,B0100,N001VE,SEARCH,None,0.0,0.0,0.0,0.0,0.0,Enemy
27.200000000000003,B0200,N001VE,SEARCH,None,0.0,0.0,0.0,0.0,0.0,Enemy
27.400000000000002,A0100,AN/APG-68(V)9,TRACK,B0100,69.78572736189571,0.0,0.0,0.0,0.0,Friendly
27.400000000000002,A0200,AN/APG-68(V)9,TRACK,B0200,70.09741444482991,0.0,0.0,0.0,0.0,Friendly
27.400000000000002,B0100,N001VE,SEARCH,None,0.0,0.0,0.0,0.0,0.0,Enemy
27.400000000000002,B0200,N001VE,SEARCH,None,0.0,0.0,0.0,0.0,0.0,Enemy
27.6,A0100,AN/APG-68(V)9,TRACK,B0100,69.64980824777174,0.0,0.0,0.0,0.0,Friendly
27.6,A0200,AN/APG-68(V)9,TRACK,B0200,69.96301406523305,0.0,0.0,0.0,0.0,Friendly
27.6,B0100,N001VE,SEARCH,None,0.0,0.0,0.0,0.0,0.0,Enemy
27.6,B0200,N001VE,SEARCH,None,0.0,0.0,0.0,0.0,0.0,Enemy
27.8,A0100,AN/APG-68(V)9,TRACK,B0100,69.51407581215825,0.0,0.0,0.0,0.0,Friendly
27.8,A0200,AN/APG-68(V)9,TRACK,B0200,69.82880625769893,0.0,0.0,0.0,0.0,Friendly
27.8,B0100,N001VE,SEARCH,None,0.0,0.0,0.0,0.0,0.0,Enemy
27.8,B0200,N001VE,SEARCH,None,0.0,0.0,0.0,0.0,0.0,Enemy
28.0,A0100,AN/APG-68(V)9,TRACK,B0100,69.37859577297162,0.0,0.0,0.0,0.0,Friendly
28.0,A0200,AN/APG-68(V)9,TRACK,B0200,69.69493414649196,0.0,0.0,0.0,0.0,Friendly
28.0,B0100,N001VE,SEARCH,None,0.0,0.0,0.0,0.0,0.0,Enemy
28.0,B0200,N001VE,SEARCH,None,0.0,0.0,0.0,0.0,0.0,Enemy
28.200000000000003,A0100,AN/APG-68(V)9,TRACK,B0100,69.24337046404196,0.0,0.0,0.0,0.0,Friendly
28.200000000000003,A0200,AN/APG-68(V)9,TRACK,B0200,69.56151144862491,0.0,0.0,0.0,0.0,Friendly
28.200000000000003,B0100,N001VE,SEARCH,None,0.0,0.0,0.0,0.0,0.0,Enemy
28.200000000000003,B0200,N001VE,SEARCH,None,0.0,0.0,0.0,0.0,0.0,Enemy
28.400000000000002,A0100,AN/APG-68(V)9,TRACK,B0100,69.1084013788861,0.0,0.0,0.0,0.0,Friendly
28.400000000000002,A0200,AN/APG-68(V)9,TRACK,B0200,69.42843313503712,0.0,0.0,0.0,0.0,Friendly
28.400000000000002,B0100,N001VE,SEARCH,None,0.0,0.0,0.0,0.0,0.0,Enemy
28.400000000000002,B0200,N001VE,SEARCH,None,0.0,0.0,0.0,0.0,0.0,Enemy
28.6,A0100,AN/APG-68(V)9,TRACK,B0100,68.97375192361834,0.0,0.0,0.0,0.0,Friendly
28.6,A0200,AN/APG-68(V)9,TRACK,B0200,69.29557065175186,0.0,0.0,0.0,0.0,Friendly
28.6,B0100,N001VE,SEARCH,None,0.0,0.0,0.0,0.0,0.0,Enemy
28.6,B0200,N001VE,SEARCH,None,0.0,0.0,0.0,0.0,0.0,Enemy
28.8,A0100,AN/APG-68(V)9,TRACK,B0100,68.83947631249141,0.0,0.0,0.0,0.0,Friendly
28.8,A0200,AN/APG-68(V)9,TRACK,B0200,69.16297239483796,0.0,0.0,0.0,0.0,Friendly
28.8,B0100,N001VE,SEARCH,None,0.0,0.0,0.0,0.0,0.0,Enemy
28.8,B0200,N001VE,SEARCH,None,0.0,0.0,0.0,0.0,0.0,Enemy
29.0,A0100,AN/APG-68(V)9,TRACK,B0100,68.7054296721997,0.0,0.0,0.0,0.0,Friendly
29.0,A0200,AN/APG-68(V)9,TRACK,B0200,69.03051521702326,0.0,0.0,0.0,0.0,Friendly
29.0,B0100,N001VE,SEARCH,None,0.0,0.0,0.0,0.0,0.0,Enemy
29.0,B0200,N001VE,SEARCH,None,0.0,0.0,0.0,0.0,0.0,Enemy
29.200000000000003,A0100,AN/APG-68(V)9,TRACK,B0100,68.57146258817119,0.0,0.0,0.0,0.0,Friendly
29.200000000000003,A0200,AN/APG-68(V)9,TRACK,B0200,68.8980644945927,0.0,0.0,0.0,0.0,Friendly
29.200000000000003,B0100,N001VE,SEARCH,None,0.0,0.0,0.0,0.0,0.0,Enemy
29.200000000000003,B0200,N001VE,SEARCH,None,0.0,0.0,0.0,0.0,0.0,Enemy
29.400000000000002,A0100,AN/APG-68(V)9,TRACK,B0100,68.43741207535219,0.0,0.0,0.0,0.0,Friendly
29.400000000000002,A0200,AN/APG-68(V)9,TRACK,B0200,68.76558725784646,0.0,0.0,0.0,0.0,Friendly
29.400000000000002,B0100,N001VE,SEARCH,None,0.0,0.0,0.0,0.0,0.0,Enemy
29.400000000000002,B0200,N001VE,SEARCH,None,0.0,0.0,0.0,0.0,0.0,Enemy
29.6,A0100,AN/APG-68(V)9,TRACK,B0100,68.3032411839794,0.0,0.0,0.0,0.0,Friendly
29.6,A0200,AN/APG-68(V)9,TRACK,B0200,68.63306296531408,0.0,0.0,0.0,0.0,Friendly
29.6,B0100,N001VE,SEARCH,None,0.0,0.0,0.0,0.0,0.0,Enemy
29.6,B0200,N001VE,SEARCH,None,0.0,0.0,0.0,0.0,0.0,Enemy
29.8,A0100,AN/APG-68(V)9,TRACK,B0100,68.16903226671633,0.0,0.0,0.0,0.0,Friendly
29.8,A0200,AN/APG-68(V)9,TRACK,B0200,68.50059875640089,0.0,0.0,0.0,0.0,Friendly
29.8,B0100,N001VE,SEARCH,None,0.0,0.0,0.0,0.0,0.0,Enemy
29.8,B0200,N001VE,SEARCH,None,0.0,0.0,0.0,0.0,0.0,Enemy
30.0,A0100,AN/APG-68(V)9,TRACK,B0100,68.0349175139593,0.0,0.0,0.0,0.0,Friendly
30.0,A0200,AN/APG-68(V)9,TRACK,B0200,68.36828489585342,0.0,0.0,0.0,0.0,Friendly
30.0,B0100,N001VE,SEARCH,None,0.0,0.0,0.0,0.0,0.0,Enemy
30.0,B0200,N001VE,SEARCH,None,0.0,0.0,0.0,0.0,0.0,Enemy
30.200000000000003,A0100,AN/APG-68(V)9,TRACK,B0100,67.90085495695685,0.0,0.0,0.0,0.0,Friendly
30.200000000000003,A0200,AN/APG-68(V)9,TRACK,B0200,68.23595408706193,0.0,0.0,0.0,0.0,Friendly
30.200000000000003,B0100,N001VE,SEARCH,None,0.0,0.0,0.0,0.0,0.0,Enemy
30.200000000000003,B0200,N001VE,SEARCH,None,0.0,0.0,0.0,0.0,0.0,Enemy
30.400000000000002,A0100,AN/APG-68(V)9,TRACK,B0100,67.76684918303337,0.0,0.0,0.0,0.0,Friendly
30.400000000000002,A0200,AN/APG-68(V)9,TRACK,B0200,68.10353195954985,0.0,0.0,0.0,0.0,Friendly
30.400000000000002,B0100,N001VE,SEARCH,None,0.0,0.0,0.0,0.0,0.0,Enemy
30.400000000000002,B0200,N001VE,SEARCH,None,0.0,0.0,0.0,0.0,0.0,Enemy
30.6,A0100,AN/APG-68(V)9,TRACK,B0100,67.63299506382862,0.0,0.0,0.0,0.0,Friendly
30.6,A0200,AN/APG-68(V)9,TRACK,B0200,67.97100749981985,0.0,0.0,0.0,0.0,Friendly
30.6,B0100,N001VE,SEARCH,None,0.0,0.0,0.0,0.0,0.0,Enemy
30.6,B0200,N001VE,SEARCH,None,0.0,0.0,0.0,0.0,0.0,Enemy
30.8,A0100,AN/APG-68(V)9,TRACK,B0100,67.49921712349833,0.0,0.0,0.0,0.0,Friendly
30.8,A0200,AN/APG-68(V)9,TRACK,B0200,67.83841826263723,0.0,0.0,0.0,0.0,Friendly
30.8,B0100,N001VE,SEARCH,None,0.0,0.0,0.0,0.0,0.0,Enemy
30.8,B0200,N001VE,SEARCH,None,0.0,0.0,0.0,0.0,0.0,Enemy
31.0,A0100,AN/APG-68(V)9,TRACK,B0100,67.36541072445796,0.0,0.0,0.0,0.0,Friendly
31.0,A0200,AN/APG-68(V)9,TRACK,B0200,67.70582875785209,0.0,0.0,0.0,0.0,Friendly
31.0,B0100,N001VE,SEARCH,None,0.0,0.0,0.0,0.0,0.0,Enemy
31.0,B0200,N001VE,SEARCH,None,0.0,0.0,0.0,0.0,0.0,Enemy
31.200000000000003,A0100,AN/APG-68(V)9,TRACK,B0100,67.23160581106967,0.0,0.0,0.0,0.0,Friendly
31.200000000000003,A0200,AN/APG-68(V)9,TRACK,B0200,67.57329370587176,0.0,0.0,0.0,0.0,Friendly
31.200000000000003,B0100,N001VE,SEARCH,None,0.0,0.0,0.0,0.0,0.0,Enemy
31.200000000000003,B0200,N001VE,SEARCH,None,0.0,0.0,0.0,0.0,0.0,Enemy
31.400000000000002,A0100,AN/APG-68(V)9,TRACK,B0100,67.097850449927,0.0,0.0,0.0,0.0,Friendly
31.400000000000002,A0200,AN/APG-68(V)9,TRACK,B0200,67.44097449183442,0.0,0.0,0.0,0.0,Friendly
31.400000000000002,B0100,N001VE,SEARCH,None,0.0,0.0,0.0,0.0,0.0,Enemy
31.400000000000002,B0200,N001VE,SEARCH,None,0.0,0.0,0.0,0.0,0.0,Enemy
31.6,A0100,AN/APG-68(V)9,TRACK,B0100,66.96408334528263,0.0,0.0,0.0,0.0,Friendly
31.6,A0200,AN/APG-68(V)9,TRACK,B0200,67.30886624851028,0.0,0.0,0.0,0.0,Friendly
31.6,B0100,N001VE,SEARCH,None,0.0,0.0,0.0,0.0,0.0,Enemy
31.6,B0200,N001VE,SEARCH,None,0.0,0.0,0.0,0.0,0.0,Enemy
31.8,A0100,AN/APG-68(V)9,TRACK,B0100,66.83034704348225,0.0,0.0,0.0,0.0,Friendly
31.8,A0200,AN/APG-68(V)9,TRACK,B0200,67.17685032481695,0.0,0.0,0.0,0.0,Friendly
31.8,B0100,N001VE,SEARCH,None,0.0,0.0,0.0,0.0,0.0,Enemy
31.8,B0200,N001VE,SEARCH,None,0.0,0.0,0.0,0.0,0.0,Enemy
32.0,A0100,AN/APG-68(V)9,TRACK,B0100,66.69674093913892,0.0,0.0,0.0,0.0,Friendly
32.0,A0200,AN/APG-68(V)9,TRACK,B0200,67.04482177148682,0.0,0.0,0.0,0.0,Friendly
32.0,B0100,N001VE,SEARCH,None,0.0,0.0,0.0,0.0,0.0,Enemy
32.0,B0200,N001VE,SEARCH,None,0.0,0.0,0.0,0.0,0.0,Enemy
32.2,A0100,AN/APG-68(V)9,TRACK,B0100,66.56319916800744,0.0,0.0,0.0,0.0,Friendly
32.2,A0200,AN/APG-68(V)9,TRACK,B0200,66.9127018032659,0.0,0.0,0.0,0.0,Friendly
32.2,B0100,N001VE,SEARCH,None,0.0,0.0,0.0,0.0,0.0,Enemy
32.2,B0200,N001VE,SEARCH,None,0.0,0.0,0.0,0.0,0.0,Enemy
32.4,A0100,AN/APG-68(V)9,TRACK,B0100,66.42976225091287,0.0,0.0,0.0,0.0,Friendly
32.4,A0200,AN/APG-68(V)9,TRACK,B0200,66.78049746063557,0.0,0.0,0.0,0.0,Friendly
32.4,B0100,N001VE,SEARCH,None,0.0,0.0,0.0,0.0,0.0,Enemy
32.4,B0200,N001VE,SEARCH,None,0.0,0.0,0.0,0.0,0.0,Enemy
32.6,A0100,AN/APG-68(V)9,TRACK,B0100,66.29661294727717,0.0,0.0,0.0,0.0,Friendly
32.6,A0200,AN/APG-68(V)9,TRACK,B0200,66.64834104234849,0.0,0.0,0.0,0.0,Friendly
32.6,B0100,N001VE,SEARCH,None,0.0,0.0,0.0,0.0,0.0,Enemy
32.6,B0200,N001VE,SEARCH,None,0.0,0.0,0.0,0.0,0.0,Enemy
32.800000000000004,A0100,AN/APG-68(V)9,TRACK,B0100,66.1637420071772,0.0,0.0,0.0,0.0,Friendly
32.800000000000004,A0200,AN/APG-68(V)9,TRACK,B0200,66.51636477628584,0.0,0.0,0.0,0.0,Friendly
32.800000000000004,B0100,N001VE,SEARCH,None,0.0,0.0,0.0,0.0,0.0,Enemy
32.800000000000004,B0200,N001VE,SEARCH,None,0.0,0.0,0.0,0.0,0.0,Enemy
33.0,A0100,AN/APG-68(V)9,TRACK,B0100,66.03095795921192,0.0,0.0,0.0,0.0,Friendly
33.0,A0200,AN/APG-68(V)9,TRACK,B0200,66.38449911600779,0.0,0.0,0.0,0.0,Friendly
33.0,B0100,N001VE,SEARCH,None,0.0,0.0,0.0,0.0,0.0,Enemy
33.0,B0200,N001VE,SEARCH,None,0.0,0.0,0.0,0.0,0.0,Enemy
33.2,A0100,AN/APG-68(V)9,TRACK,B0100,65.89817916719761,0.0,0.0,0.0,0.0,Friendly
33.2,A0200,AN/APG-68(V)9,TRACK,B0200,66.2527674181499,0.0,0.0,0.0,0.0,Friendly
33.2,B0100,N001VE,SEARCH,None,0.0,0.0,0.0,0.0,0.0,Enemy
33.2,B0200,N001VE,SEARCH,None,0.0,0.0,0.0,0.0,0.0,Enemy
33.4,A0100,AN/APG-68(V)9,TRACK,B0100,65.76538834887735,0.0,0.0,0.0,0.0,Friendly
33.4,A0200,AN/APG-68(V)9,TRACK,B0200,66.12123433945573,0.0,0.0,0.0,0.0,Friendly
33.4,B0100,N001VE,SEARCH,None,0.0,0.0,0.0,0.0,0.0,Enemy
33.4,B0200,N001VE,SEARCH,None,0.0,0.0,0.0,0.0,0.0,Enemy
33.6,A0100,AN/APG-68(V)9,TRACK,B0100,65.63259433787164,0.0,0.0,0.0,0.0,Friendly
33.6,A0200,AN/APG-68(V)9,TRACK,B0200,65.98979301045856,0.0,0.0,0.0,0.0,Friendly
33.6,B0100,N001VE,SEARCH,None,0.0,0.0,0.0,0.0,0.0,Enemy
33.6,B0200,N001VE,SEARCH,None,0.0,0.0,0.0,0.0,0.0,Enemy
33.800000000000004,A0100,AN/APG-68(V)9,TRACK,B0100,65.49987751650245,0.0,0.0,0.0,0.0,Friendly
33.800000000000004,A0200,AN/APG-68(V)9,TRACK,B0200,65.85831745470594,0.0,0.0,0.0,0.0,Friendly
33.800000000000004,B0100,N001VE,SEARCH,None,0.0,0.0,0.0,0.0,0.0,Enemy
33.800000000000004,B0200,N001VE,SEARCH,None,0.0,0.0,0.0,0.0,0.0,Enemy
34.0,A0100,AN/APG-68(V)9,TRACK,B0100,65.36735115163951,0.0,0.0,0.0,0.0,Friendly
34.0,A0200,AN/APG-68(V)9,TRACK,B0200,65.72695711366309,0.0,0.0,0.0,0.0,Friendly
34.0,B0100,N001VE,SEARCH,None,0.0,0.0,0.0,0.0,0.0,Enemy
34.0,B0200,N001VE,SEARCH,None,0.0,0.0,0.0,0.0,0.0,Enemy
34.2,A0100,AN/APG-68(V)9,TRACK,B0100,65.23510365323338,0.0,0.0,0.0,0.0,Friendly
34.2,A0200,AN/APG-68(V)9,TRACK,B0200,65.59585162585682,0.0,0.0,0.0,0.0,Friendly
34.2,B0100,N001VE,SEARCH,None,0.0,0.0,0.0,0.0,0.0,Enemy
34.2,B0200,N001VE,SEARCH,None,0.0,0.0,0.0,0.0,0.0,Enemy
34.4,A0100,AN/APG-68(V)9,TRACK,B0100,65.10312152866445,0.0,0.0,0.0,0.0,Friendly
34.4,A0200,AN/APG-68(V)9,TRACK,B0200,65.46497527935044,0.0,0.0,0.0,0.0,Friendly
34.4,B0100,N001VE,SEARCH,None,0.0,0.0,0.0,0.0,0.0,Enemy
34.4,B0200,N001VE,SEARCH,None,0.0,0.0,0.0,0.0,0.0,Enemy
34.6,A0100,AN/APG-68(V)9,TRACK,B0100,64.97129389496473,0.0,0.0,0.0,0.0,Friendly
34.6,A0200,AN/APG-68(V)9,TRACK,B0200,65.33430717542471,0.0,0.0,0.0,0.0,Friendly
34.6,B0100,N001VE,SEARCH,None,0.0,0.0,0.0,0.0,0.0,Enemy
34.6,B0200,N001VE,SEARCH,None,0.0,0.0,0.0,0.0,0.0,Enemy
34.800000000000004,A0100,AN/APG-68(V)9,TRACK,B0100,64.8394772694211,0.0,0.0,0.0,0.0,Friendly
34.800000000000004,A0200,AN/APG-68(V)9,TRACK,B0200,65.20376658582418,0.0,0.0,0.0,0.0,Friendly
34.800000000000004,B0100,N001VE,SEARCH,None,0.0,0.0,0.0,0.0,0.0,Enemy
34.800000000000004,B0200,N001VE,SEARCH,None,0.0,0.0,0.0,0.0,0.0,Enemy
35.0,A0100,AN/APG-68(V)9,TRACK,B0100,64.70765164058585,0.0,0.0,0.0,0.0,Friendly
35.0,A0200,AN/APG-68(V)9,TRACK,B0200,65.07321577916346,0.0,0.0,0.0,0.0,Friendly
35.0,B0100,N001VE,SEARCH,None,0.0,0.0,0.0,0.0,0.0,Enemy
35.0,B0200,N001VE,SEARCH,None,0.0,0.0,0.0,0.0,0.0,Enemy
35.2,A0100,AN/APG-68(V)9,TRACK,B0100,64.57587904664466,0.0,0.0,0.0,0.0,Friendly
35.2,A0200,AN/APG-68(V)9,TRACK,B0200,64.94271081630936,0.0,0.0,0.0,0.0,Friendly
35.2,B0100,N001VE,SEARCH,None,0.0,0.0,0.0,0.0,0.0,Enemy
35.2,B0200,N001VE,SEARCH,None,0.0,0.0,0.0,0.0,0.0,Enemy
35.4,A0100,AN/APG-68(V)9,TRACK,B0100,64.44439574823281,0.0,0.0,0.0,0.0,Friendly
35.4,A0200,AN/APG-68(V)9,TRACK,B0200,64.81247386318886,0.0,0.0,0.0,0.0,Friendly
35.4,B0100,N001VE,SEARCH,None,0.0,0.0,0.0,0.0,0.0,Enemy
35.4,B0200,N001VE,SEARCH,None,0.0,0.0,0.0,0.0,0.0,Enemy
35.6,A0100,AN/APG-68(V)9,TRACK,B0100,64.31329335762635,0.0,0.0,0.0,0.0,Friendly
35.6,A0200,AN/APG-68(V)9,TRACK,B0200,64.68256180078814,0.0,0.0,0.0,0.0,Friendly
35.6,B0100,N001VE,SEARCH,None,0.0,0.0,0.0,0.0,0.0,Enemy
35.6,B0200,N001VE,SEARCH,None,0.0,0.0,0.0,0.0,0.0,Enemy
35.800000000000004,A0100,AN/APG-68(V)9,TRACK,B0100,64.18245107368655,0.0,0.0,0.0,0.0,Friendly
35.800000000000004,A0200,AN/APG-68(V)9,TRACK,B0200,64.55286309501082,0.0,0.0,0.0,0.0,Friendly
35.800000000000004,B0100,N001VE,SEARCH,None,0.0,0.0,0.0,0.0,0.0,Enemy
35.800000000000004,B0200,N001VE,SEARCH,None,0.0,0.0,0.0,0.0,0.0,Enemy
36.0,A0100,AN/APG-68(V)9,TRACK,B0100,64.05170799754931,0.0,0.0,0.0,0.0,Friendly
36.0,A0200,AN/APG-68(V)9,TRACK,B0200,64.4232747461319,0.0,0.0,0.0,0.0,Friendly
36.0,B0100,N001VE,SEARCH,None,0.0,0.0,0.0,0.0,0.0,Enemy
36.0,B0200,N001VE,SEARCH,None,0.0,0.0,0.0,0.0,0.0,Enemy
36.2,A0100,AN/APG-68(V)9,TRACK,B0100,63.921005286015024,0.0,0.0,0.0,0.0,Friendly
36.2,A0200,AN/APG-68(V)9,TRACK,B0200,64.2937744157895,0.0,0.0,0.0,0.0,Friendly
36.2,B0100,N001VE,SEARCH,None,0.0,0.0,0.0,0.0,0.0,Enemy
36.2,B0200,N001VE,SEARCH,None,0.0,0.0,0.0,0.0,0.0,Enemy
36.4,A0100,AN/APG-68(V)9,TRACK,B0100,63.79018266537422,0.0,0.0,0.0,0.0,Friendly
36.4,A0200,AN/APG-68(V)9,TRACK,B0200,64.16415762940589,0.0,0.0,0.0,0.0,Friendly
36.4,B0100,N001VE,SEARCH,None,0.0,0.0,0.0,0.0,0.0,Enemy
36.4,B0200,N001VE,SEARCH,None,0.0,0.0,0.0,0.0,0.0,Enemy
36.6,A0100,AN/APG-68(V)9,TRACK,B0100,63.65929339090641,0.0,0.0,0.0,0.0,Friendly
36.6,A0200,AN/APG-68(V)9,TRACK,B0200,64.03444039608857,0.0,0.0,0.0,0.0,Friendly
36.6,B0100,N001VE,SEARCH,None,0.0,0.0,0.0,0.0,0.0,Enemy
36.6,B0200,N001VE,SEARCH,None,0.0,0.0,0.0,0.0,0.0,Enemy
36.800000000000004,A0100,AN/APG-68(V)9,TRACK,B0100,63.528544224099335,0.0,0.0,0.0,0.0,Friendly
36.800000000000004,A0200,AN/APG-68(V)9,TRACK,B0200,63.904768934756696,0.0,0.0,0.0,0.0,Friendly
36.800000000000004,B0100,N001VE,SEARCH,None,0.0,0.0,0.0,0.0,0.0,Enemy
36.800000000000004,B0200,N001VE,SEARCH,A0200,63.904768934756696,-25.62800861109786,61.1088313097918,0.20923800384816274,15479.142936363363,Enemy
37.0,A0100,AN/APG-68(V)9,TRACK,B0100,63.39811554207517,0.0,0.0,0.0,0.0,Friendly
37.0,A0200,AN/APG-68(V)9,TRACK,B0200,63.77524102054381,0.0,0.0,0.0,0.0,Friendly
37.0,B0100,N001VE,SEARCH,None,0.0,0.0,0.0,0.0,0.0,Enemy
37.0,B0200,N001VE,SEARCH,None,0.0,0.0,0.0,0.0,0.0,Enemy
37.2,A0100,AN/APG-68(V)9,TRACK,B0100,63.26794791971795,0.0,0.0,0.0,0.0,Friendly
37.2,A0200,AN/APG-68(V)9,TRACK,B0200,63.64582273027291,0.0,0.0,0.0,0.0,Friendly
37.2,B0100,N001VE,SEARCH,None,0.0,0.0,0.0,0.0,0.0,Enemy
37.2,B0200,N001VE,SEARCH,None,0.0,0.0,0.0,0.0,0.0,Enemy
37.4,A0100,AN/APG-68(V)9,TRACK,B0100,63.13799409323158,0.0,0.0,0.0,0.0,Friendly
37.4,A0200,AN/APG-68(V)9,TRACK,B0200,63.51655108984149,0.0,0.0,0.0,0.0,Friendly
37.4,B0100,N001VE,SEARCH,None,0.0,0.0,0.0,0.0,0.0,Enemy
37.4,B0200,N001VE,SEARCH,None,0.0,0.0,0.0,0.0,0.0,Enemy
37.6,A0100,AN/APG-68(V)9,TRACK,B0100,63.00804432314061,0.0,0.0,0.0,0.0,Friendly
37.6,A0200,AN/APG-68(V)9,TRACK,B0200,63.387349966918045,0.0,0.0,0.0,0.0,Friendly
37.6,B0100,N001VE,SEARCH,None,0.0,0.0,0.0,0.0,0.0,Enemy
37.6,B0200,N001VE,SEARCH,None,0.0,0.0,0.0,0.0,0.0,Enemy
37.800000000000004,A0100,AN/APG-68(V)9,TRACK,B0100,62.8779971328977,0.0,0.0,0.0,0.0,Friendly
37.800000000000004,A0200,AN/APG-68(V)9,TRACK,B0200,63.25822353694509,0.0,0.0,0.0,0.0,Friendly
37.800000000000004,B0100,N001VE,SEARCH,None,0.0,0.0,0.0,0.0,0.0,Enemy
37.800000000000004,B0200,N001VE,SEARCH,None,0.0,0.0,0.0,0.0,0.0,Enemy
38.0,A0100,AN/APG-68(V)9,TRACK,B0100,62.748044472412225,0.0,0.0,0.0,0.0,Friendly
38.0,A0200,AN/APG-68(V)9,TRACK,B0200,63.129325985343804,0.0,0.0,0.0,0.0,Friendly
38.0,B0100,N001VE,SEARCH,None,0.0,0.0,0.0,0.0,0.0,Enemy
38.0,B0200,N001VE,SEARCH,None,0.0,0.0,0.0,0.0,0.0,Enemy
38.2,A0100,AN/APG-68(V)9,TRACK,B0100,62.61830128812559,0.0,0.0,0.0,0.0,Friendly
38.2,A0200,AN/APG-68(V)9,TRACK,B0200,63.00062308608739,0.0,0.0,0.0,0.0,Friendly
38.2,B0100,N001VE,SEARCH,None,0.0,0.0,0.0,0.0,0.0,Enemy
38.2,B0200,N001VE,SEARCH,None,0.0,0.0,0.0,0.0,0.0,Enemy
38.400000000000006,A0100,AN/APG-68(V)9,TRACK,B0100,62.48886796099457,0.0,0.0,0.0,0.0,Friendly
38.400000000000006,A0200,AN/APG-68(V)9,TRACK,B0200,62.871982290165704,0.0,0.0,0.0,0.0,Friendly
38.400000000000006,B0100,N001VE,SEARCH,None,0.0,0.0,0.0,0.0,0.0,Enemy
38.400000000000006,B0200,N001VE,SEARCH,None,0.0,0.0,0.0,0.0,0.0,Enemy
38.6,A0100,AN/APG-68(V)9,TRACK,B0100,62.35986000080303,0.0,0.0,0.0,0.0,Friendly
38.6,A0200,AN/APG-68(V)9,TRACK,B0200,62.74354824859342,0.0,0.0,0.0,0.0,Friendly
38.6,B0100,N001VE,SEARCH,None,0.0,0.0,0.0,0.0,0.0,Enemy
38.6,B0200,N001VE,SEARCH,None,0.0,0.0,0.0,0.0,0.0,Enemy
38.800000000000004,A0100,AN/APG-68(V)9,TRACK,B0100,62.23125851884864,0.0,0.0,0.0,0.0,Friendly
38.800000000000004,A0200,AN/APG-68(V)9,TRACK,B0200,62.61548507894612,0.0,0.0,0.0,0.0,Friendly
38.800000000000004,B0100,N001VE,SEARCH,A0100,62.23125851884864,-24.831500816757227,-576.4215046882505,0.23099363925496744,15382.788993695069,Enemy
38.800000000000004,B0200,N001VE,SEARCH,None,0.0,0.0,0.0,0.0,0.0,Enemy
39.0,A0100,AN/APG-68(V)9,TRACK,B0100,62.10295690909356,0.0,0.0,0.0,0.0,Friendly
39.0,A0200,AN/APG-68(V)9,TRACK,B0200,62.48786074708699,0.0,0.0,0.0,0.0,Friendly
39.0,B0100,N001VE,SEARCH,A0100,62.23125851884864,-24.831500816757227,-576.4215046882505,0.22210926851439194,15382.788993695069,Enemy
39.0,B0200,N001VE,SEARCH,None,0.0,0.0,0.0,0.0,0.0,Enemy
39.2,A0100,AN/APG-68(V)9,TRACK,B0100,61.97494048520438,0.0,0.0,0.0,0.0,Friendly
39.2,A0200,AN/APG-68(V)9,TRACK,B0200,62.36069324936226,0.0,0.0,0.0,0.0,Friendly
39.2,B0100,N001VE,SEARCH,A0100,62.23125851884864,-24.831500816757227,-576.4215046882505,0.21322489777381615,15382.788993695069,Enemy
39.2,B0200,N001VE,SEARCH,None,0.0,0.0,0.0,0.0,0.0,Enemy
39.400000000000006,A0100,AN/APG-68(V)9,TRACK,B0100,61.84724352749098,0.0,0.0,0.0,0.0,Friendly
39.400000000000006,A0200,AN/APG-68(V)9,TRACK,B0200,62.23401214843227,0.0,0.0,0.0,0.0,Friendly
39.400000000000006,B0100,N001VE,SEARCH,None,0.0,0.0,0.0,0.0,0.0,Enemy
39.400000000000006,B0200,N001VE,SEARCH,None,0.0,0.0,0.0,0.0,0.0,Enemy
39.6,A0100,AN/APG-68(V)9,TRACK,B0100,61.72001647483751,0.0,0.0,0.0,0.0,Friendly
39.6,A0200,AN/APG-68(V)9,TRACK,B0200,62.107815630693665,0.0,0.0,0.0,0.0,Friendly
39.6,B0100,N001VE,SEARCH,None,0.0,0.0,0.0,0.0,0.0,Enemy
39.6,B0200,N001VE,SEARCH,None,0.0,0.0,0.0,0.0,0.0,Enemy
39.800000000000004,A0100,AN/APG-68(V)9,TRACK,B0100,61.59336109451191,0.0,0.0,0.0,0.0,Friendly
39.800000000000004,A0200,AN/APG-68(V)9,TRACK,B0200,61.98206078896593,0.0,0.0,0.0,0.0,Friendly
39.800000000000004,B0100,N001VE,SEARCH,A0200,61.983375632645846,-24.931976212754172,158.01510041993166,0.2342161167756038,15494.285473385062,Enemy
39.800000000000004,B0200,N001VE,SEARCH,None,0.0,0.0,0.0,0.0,0.0,Enemy
40.0,A0100,AN/APG-68(V)9,TRACK,B0100,61.46700251620132,0.0,0.0,0.0,0.0,Friendly
40.0,A0200,AN/APG-68(V)9,TRACK,B0200,61.85636117283303,0.0,0.0,0.0,0.0,Friendly
40.0,B0100,N001VE,SEARCH,A0200,61.983375632645846,-24.931976212754172,158.01510041993166,0.2252078045919269,15494.285473385062,Enemy
40.0,B0200,N001VE,SEARCH,None,0.0,0.0,0.0,0.0,0.0,Enemy
40.2,A0100,AN/APG-68(V)9,TRACK,B0100,61.34061876439945,0.0,0.0,0.0,0.0,Friendly
40.2,A0200,AN/APG-68(V)9,TRACK,B0200,61.73056500672105,0.0,0.0,0.0,0.0,Friendly
40.2,B0100,N001VE,SEARCH,A0200,61.983375632645846,-24.931976212754172,158.01510041993166,0.2161994924082497,15494.285473385062,Enemy
40.2,B0200,N001VE,SEARCH,None,0.0,0.0,0.0,0.0,0.0,Enemy
40.400000000000006,A0100,AN/APG-68(V)9,TRACK,B0100,61.214026488061485,0.0,0.0,0.0,0.0,Friendly
40.400000000000006,A0200,AN/APG-68(V)9,TRACK,B0200,61.604729579975455,0.0,0.0,0.0,0.0,Friendly
40.400000000000006,B0100,N001VE,SEARCH,None,0.0,0.0,0.0,0.0,0.0,Enemy
40.400000000000006,B0200,N001VE,SEARCH,None,0.0,0.0,0.0,0.0,0.0,Enemy
40.6,A0100,AN/APG-68(V)9,TRACK,B0100,61.087347659233046,0.0,0.0,0.0,0.0,Friendly
40.6,A0200,AN/APG-68(V)9,TRACK,B0200,61.478924247218984,0.0,0.0,0.0,0.0,Friendly
40.6,B0100,N001VE,SEARCH,None,0.0,0.0,0.0,0.0,0.0,Enemy
40.6,B0200,N001VE,SEARCH,None,0.0,0.0,0.0,0.0,0.0,Enemy
40.800000000000004,A0100,AN/APG-68(V)9,TRACK,B0100,60.96076698470152,0.0,0.0,0.0,0.0,Friendly
40.800000000000004,A0200,AN/APG-68(V)9,TRACK,B0200,61.35323270636024,0.0,0.0,0.0,0.0,Friendly
40.800000000000004,B0100,N001VE,SEARCH,None,0.0,0.0,0.0,0.0,0.0,Enemy
40.800000000000004,B0200,N001VE,SEARCH,None,0.0,0.0,0.0,0.0,0.0,Enemy
41.0,A0100,AN/APG-68(V)9,TRACK,B0100,60.83430508092925,0.0,0.0,0.0,0.0,Friendly
41.0,A0200,AN/APG-68(V)9,TRACK,B0200,61.22755676559771,0.0,0.0,0.0,0.0,Friendly
41.0,B0100,N001VE,SEARCH,None,0.0,0.0,0.0,0.0,0.0,Enemy
41.0,B0200,N001VE,SEARCH,None,0.0,0.0,0.0,0.0,0.0,Enemy
41.2,A0100,AN/APG-68(V)9,TRACK,B0100,60.70793625153979,0.0,0.0,0.0,0.0,Friendly
41.2,A0200,AN/APG-68(V)9,TRACK,B0200,61.101751927402425,0.0,0.0,0.0,0.0,Friendly
41.2,B0100,N001VE,SEARCH,None,0.0,0.0,0.0,0.0,0.0,Enemy
41.2,B0200,N001VE,SEARCH,None,0.0,0.0,0.0,0.0,0.0,Enemy
41.400000000000006,A0100,AN/APG-68(V)9,TRACK,B0100,60.5815581849332,0.0,0.0,0.0,0.0,Friendly
41.400000000000006,A0200,AN/APG-68(V)9,TRACK,B0100,60.97571272241357,0.0,0.0,0.0,0.0,Friendly
41.400000000000006,B0100,N001VE,SEARCH,None,0.0,0.0,0.0,0.0,0.0,Enemy
41.400000000000006,B0200,N001VE,SEARCH,None,0.0,0.0,0.0,0.0,0.0,Enemy
41.6,A0100,AN/APG-68(V)9,TRACK,B0100,60.45511871406731,0.0,0.0,0.0,0.0,Friendly
41.6,A0200,AN/APG-68(V)9,TRACK,B0100,60.849743098977,0.0,0.0,0.0,0.0,Friendly
41.6,B0100,N001VE,SEARCH,None,0.0,0.0,0.0,0.0,0.0,Enemy
41.6,B0200,N001VE,SEARCH,None,0.0,0.0,0.0,0.0,0.0,Enemy
41.800000000000004,A0100,AN/APG-68(V)9,TRACK,B0100,60.3287766116269,0.0,0.0,0.0,0.0,Friendly
41.800000000000004,A0200,AN/APG-68(V)9,TRACK,B0100,60.723992722591284,0.0,0.0,0.0,0.0,Friendly
41.800000000000004,B0100,N001VE,SEARCH,A0100,60.3287766116269,-24.063191636586378,-713.7934668463918,0.2557259040488501,15360.616459865518,Enemy
41.800000000000004,B0100,N001VE,SEARCH,A0200,60.723992722591284,-24.431095291153813,89.02470081218856,0.25058809460631315,15483.773738466678,Enemy
41.800000000000004,B0200,N001VE,SEARCH,None,0.0,0.0,0.0,0.0,0.0,Enemy
42.0,A0100,AN/APG-68(V)9,TRACK,B0100,60.2025706755029,0.0,0.0,0.0,0.0,Friendly
42.0,A0200,AN/APG-68(V)9,TRACK,B0100,60.59846043553623,0.0,0.0,0.0,0.0,Friendly
42.0,B0100,N001VE,SEARCH,A0100,60.3287766116269,-24.063191636586378,-713.7934668463918,0.24589029235466375,15360.616459865518,Enemy
42.0,B0100,N001VE,SEARCH,A0200,60.723992722591284,-24.431095291153813,89.02470081218856,0.240950090967609,15483.773738466678,Enemy
42.0,B0200,N001VE,SEARCH,None,0.0,0.0,0.0,0.0,0.0,Enemy
42.2,A0100,AN/APG-68(V)9,TRACK,B0100,60.076493585700966,0.0,0.0,0.0,0.0,Friendly
42.2,A0200,AN/APG-68(V)9,TRACK,B0100,60.4730916118773,0.0,0.0,0.0,0.0,Friendly
42.2,B0100,N001VE,SEARCH,A0100,60.3287766116269,-24.063191636586378,-713.7934668463918,0.23605468066047705,15360.616459865518,Enemy
42.2,B0100,N001VE,SEARCH,A0200,60.723992722591284,-24.431095291153813,89.02470081218856,0.2313120873289045,15483.773738466678,Enemy
42.2,B0200,N001VE,SEARCH,None,0.0,0.0,0.0,0.0,0.0,Enemy
42.400000000000006,A0100,AN/APG-68(V)9,TRACK,B0100,59.95056989751618,0.0,0.0,0.0,0.0,Friendly
42.400000000000006,A0200,AN/APG-68(V)9,TRACK,B0100,60.34783171245619,0.0,0.0,0.0,0.0,Friendly
42.400000000000006,B0100,N001VE,SEARCH,A0100,60.3287766116269,-24.063191636586378,-713.7934668463918,0.22621906896629035,15360.616459865518,Enemy
42.400000000000006,B0100,N001VE,SEARCH,A0200,60.723992722591284,-24.431095291153813,89.02470081218856,0.2216740836902,15483.773738466678,Enemy
42.400000000000006,B0200,N001VE,SEARCH,None,0.0,0.0,0.0,0.0,0.0,Enemy
42.6,A0100,AN/APG-68(V)9,TRACK,B0100,59.824775312084356,0.0,0.0,0.0,0.0,Friendly
42.6,A0200,AN/APG-68(V)9,TRACK,B0100,60.222670591702496,0.0,0.0,0.0,0.0,Friendly
42.6,B0100,N001VE,SEARCH,A0100,60.3287766116269,-24.063191636586378,-713.7934668463918,0.21638345727210404,15360.616459865518,Enemy
42.6,B0100,N001VE,SEARCH,A0200,60.723992722591284,-24.431095291153813,89.02470081218856,0.21203608005149585,15483.773738466678,Enemy
42.6,B0200,N001VE,SEARCH,None,0.0,0.0,0.0,0.0,0.0,Enemy
42.800000000000004,A0100,AN/APG-68(V)9,TRACK,B0100,59.69908352269701,0.0,0.0,0.0,0.0,Friendly
42.800000000000004,A0200,AN/APG-68(V)9,TRACK,B0100,60.09748362703176,0.0,0.0,0.0,0.0,Friendly
42.800000000000004,B0100,N001VE,SEARCH,A0100,59.69908352269701,-23.804231006234662,-757.402139033446,0.2639119142049387,15352.75711501398,Enemy
42.800000000000004,B0100,N001VE,SEARCH,A0200,60.09748362703176,-24.178572212761253,53.0120402573752,0.258732712848587,15478.209802906671,Enemy
42.800000000000004,B0200,N001VE,SEARCH,A0200,60.09898565272345,-24.126986081538018,-136.77581603224527,0.2587131865145949,15448.31830600425,Enemy
43.0,A0100,AN/APG-68(V)9,TRACK,B0100,59.57356335397593,0.0,0.0,0.0,0.0,Friendly
43.0,A0200,AN/APG-68(V)9,TRACK,B0100,59.972276463041126,0.0,0.0,0.0,0.0,Friendly
43.0,B0100,N001VE,SEARCH,A0100,59.69908352269701,-23.804231006234662,-757.402139033446,0.2537614559662874,15352.75711501398,Enemy
43.0,B0100,N001VE,SEARCH,A0200,60.09748362703176,-24.178572212761253,53.0120402573752,0.2487814546621031,15478.209802906671,Enemy
43.0,B0200,N001VE,SEARCH,A0200,60.09898565272345,-24.126986081538018,-136.77581603224527,0.24876267934095686,15448.31830600425,Enemy
43.2,A0100,AN/APG-68(V)9,TRACK,B0100,59.448326475490056,0.0,0.0,0.0,0.0,Friendly
43.2,A0200,AN/APG-68(V)9,TRACK,B0100,59.847182410583116,0.0,0.0,0.0,0.0,Friendly
43.2,B0100,N001VE,SEARCH,A0100,59.69908352269701,-23.804231006234662,-757.402139033446,0.24361099772763575,15352.75711501398,Enemy
43.2,B0100,N001VE,SEARCH,A0200,60.09748362703176,-24.178572212761253,53.0120402573752,0.23883019647561884,15478.209802906671,Enemy
43.2,B0200,N001VE,SEARCH,A0200,60.09898565272345,-24.126986081538018,-136.77581603224527,0.23881217216731843,15448.31830600425,Enemy
43.400000000000006,A0100,AN/APG-68(V)9,TRACK,B0100,59.32328982333741,0.0,0.0,0.0,0.0,Friendly
43.400000000000006,A0200,AN/APG-68(V)9,TRACK,B0100,59.7221819457941,0.0,0.0,0.0,0.0,Friendly
43.400000000000006,B0100,N001VE,SEARCH,A0100,59.69908352269701,-23.804231006234662,-757.402139033446,0.23346053948898413,15352.75711501398,Enemy
43.400000000000006,B0100,N001VE,SEARCH,A0200,60.09748362703176,-24.178572212761253,53.0120402573752,0.22887893828913455,15478.209802906671,Enemy
43.400000000000006,B0200,N001VE,SEARCH,A0200,60.09898565272345,-24.126986081538018,-136.77581603224527,0.22886166499368002,15448.31830600425,Enemy
43.6,A0100,AN/APG-68(V)9,TRACK,B0100,59.19838447076453,0.0,0.0,0.0,0.0,Friendly
43.6,A0200,AN/APG-68(V)9,TRACK,B0100,59.597284366681045,0.0,0.0,0.0,0.0,Friendly
43.6,B0100,N001VE,SEARCH,A0100,59.69908352269701,-23.804231006234662,-757.402139033446,0.22331008125033283,15352.75711501398,Enemy
43.6,B0100,N001VE,SEARCH,A0200,60.09748362703176,-24.178572212761253,53.0120402573752,0.21892768010265065,15478.209802906671,Enemy
43.6,B0200,N001VE,SEARCH,A0200,60.09898565272345,-24.126986081538018,-136.77581603224527,0.21891115782004195,15448.31830600425,Enemy
43.800000000000004,A0100,AN/APG-68(V)9,TRACK,B0100,59.07361571462641,0.0,0.0,0.0,0.0,Friendly
43.800000000000004,A0200,AN/APG-68(V)9,TRACK,B0100,59.47250206322502,0.0,0.0,0.0,0.0,Friendly
43.800000000000004,B0100,N001VE,SEARCH,None,0.0,0.0,0.0,0.0,0.0,Enemy
43.800000000000004,B0200,N001VE,SEARCH,None,0.0,0.0,0.0,0.0,0.0,Enemy
44.0,A0100,AN/APG-68(V)9,TRACK,B0100,58.9490001531908,0.0,0.0,0.0,0.0,Friendly
44.0,A0200,AN/APG-68(V)9,TRACK,B0100,59.347860778009206,0.0,0.0,0.0,0.0,Friendly
44.0,B0100,N001VE,SEARCH,None,0.0,0.0,0.0,0.0,0.0,Enemy
44.0,B0200,N001VE,SEARCH,None,0.0,0.0,0.0,0.0,0.0,Enemy
44.2,A0100,AN/APG-68(V)9,TRACK,B0100,58.82452492370071,0.0,0.0,0.0,0.0,Friendly
44.2,A0200,AN/APG-68(V)9,TRACK,B0100,59.22334605152406,0.0,0.0,0.0,0.0,Friendly
44.2,B0100,N001VE,SEARCH,None,0.0,0.0,0.0,0.0,0.0,Enemy
44.2,B0200,N001VE,SEARCH,None,0.0,0.0,0.0,0.0,0.0,Enemy
44.400000000000006,A0100,AN/APG-68(V)9,TRACK,B0100,58.70022088543447,0.0,0.0,0.0,0.0,Friendly
44.400000000000006,A0200,AN/APG-68(V)9,TRACK,B0100,59.09906004684592,0.0,0.0,0.0,0.0,Friendly
44.400000000000006,B0100,N001VE,SEARCH,None,0.0,0.0,0.0,0.0,0.0,Enemy
44.400000000000006,B0200,N001VE,SEARCH,None,0.0,0.0,0.0,0.0,0.0,Enemy
44.6,A0100,AN/APG-68(V)9,TRACK,B0100,58.57605574707564,0.0,0.0,0.0,0.0,Friendly
44.6,A0200,AN/APG-68(V)9,TRACK,B0100,58.97499043096296,0.0,0.0,0.0,0.0,Friendly
44.6,B0100,N001VE,SEARCH,None,0.0,0.0,0.0,0.0,0.0,Enemy
44.6,B0200,N001VE,SEARCH,None,0.0,0.0,0.0,0.0,0.0,Enemy
44.800000000000004,A0100,AN/APG-68(V)9,TRACK,B0100,58.4519791731508,0.0,0.0,0.0,0.0,Friendly
44.800000000000004,A0200,AN/APG-68(V)9,TRACK,B0100,58.850941772171026,0.0,0.0,0.0,0.0,Friendly
44.800000000000004,B0100,N001VE,SEARCH,A0100,58.4519791731508,-23.283802138843726,-853.9856827466962,0.2801242707490394,15336.152394084342,Enemy
44.800000000000004,B0200,N001VE,SEARCH,None,0.0,0.0,0.0,0.0,0.0,Enemy
45.0,A0100,AN/APG-68(V)9,TRACK,B0100,58.3280190179116,0.0,0.0,0.0,0.0,Friendly
45.0,A0200,AN/APG-68(V)9,TRACK,B0100,58.7269478482323,0.0,0.0,0.0,0.0,Friendly
45.0,B0100,N001VE,SEARCH,A0100,58.4519791731508,-23.283802138843726,-853.9856827466962,0.26935026033561504,15336.152394084342,Enemy
45.0,B0200,N001VE,SEARCH,None,0.0,0.0,0.0,0.0,0.0,Enemy
45.2,A0100,AN/APG-68(V)9,TRACK,B0100,58.20420958825803,0.0,0.0,0.0,0.0,Friendly
45.2,A0200,AN/APG-68(V)9,TRACK,B0100,58.60306253689057,0.0,0.0,0.0,0.0,Friendly
45.2,B0100,N001VE,SEARCH,None,0.0,0.0,0.0,0.0,0.0,Enemy
45.2,B0200,N001VE,SEARCH,None,0.0,0.0,0.0,0.0,0.0,Enemy
45.400000000000006,A0100,AN/APG-68(V)9,TRACK,B0100,58.08057520913774,0.0,0.0,0.0,0.0,Friendly
45.400000000000006,A0200,AN/APG-68(V)9,TRACK,B0100,58.47931875572037,0.0,0.0,0.0,0.0,Friendly
45.400000000000006,B0100,N001VE,SEARCH,None,0.0,0.0,0.0,0.0,0.0,Enemy
45.400000000000006,B0200,N001VE,SEARCH,None,0.0,0.0,0.0,0.0,0.0,Enemy
45.6,A0100,AN/APG-68(V)9,TRACK,B0100,57.95710890860525,0.0,0.0,0.0,0.0,Friendly
45.6,A0200,AN/APG-68(V)9,TRACK,B0100,58.35576400596758,0.0,0.0,0.0,0.0,Friendly
45.6,B0100,N001VE,SEARCH,None,0.0,0.0,0.0,0.0,0.0,Enemy
45.6,B0200,N001VE,SEARCH,None,0.0,0.0,0.0,0.0,0.0,Enemy
45.800000000000004,A0100,AN/APG-68(V)9,TRACK,B0100,57.83393590883527,0.0,0.0,0.0,0.0,Friendly
45.800000000000004,A0200,AN/APG-68(V)9,TRACK,B0100,58.23253232953514,0.0,0.0,0.0,0.0,Friendly
45.800000000000004,B0100,N001VE,SEARCH,None,0.0,0.0,0.0,0.0,0.0,Enemy
45.800000000000004,B0200,N001VE,SEARCH,None,0.0,0.0,0.0,0.0,0.0,Enemy
46.0,A0100,AN/APG-68(V)9,TRACK,B0100,57.71104850805556,0.0,0.0,0.0,0.0,Friendly
46.0,A0200,AN/APG-68(V)9,TRACK,B0100,58.109671582066426,0.0,0.0,0.0,0.0,Friendly
46.0,B0100,N001VE,SEARCH,None,0.0,0.0,0.0,0.0,0.0,Enemy
46.0,B0200,N001VE,SEARCH,None,0.0,0.0,0.0,0.0,0.0,Enemy
46.2,A0100,AN/APG-68(V)9,TRACK,B0100,57.58820699398025,0.0,0.0,0.0,0.0,Friendly
46.2,A0200,AN/APG-68(V)9,TRACK,B0100,57.98703277440802,0.0,0.0,0.0,0.0,Friendly
46.2,B0100,N001VE,SEARCH,None,0.0,0.0,0.0,0.0,0.0,Enemy
46.2,B0200,N001VE,SEARCH,None,0.0,0.0,0.0,0.0,0.0,Enemy
46.400000000000006,A0100,AN/APG-68(V)9,TRACK,B0100,57.4653700693313,0.0,0.0,0.0,0.0,Friendly
46.400000000000006,A0200,AN/APG-68(V)9,TRACK,B0100,57.8646171299474,0.0,0.0,0.0,0.0,Friendly
46.400000000000006,B0100,N001VE,SEARCH,None,0.0,0.0,0.0,0.0,0.0,Enemy
46.400000000000006,B0200,N001VE,SEARCH,None,0.0,0.0,0.0,0.0,0.0,Enemy
46.6,A0100,AN/APG-68(V)9,TRACK,B0100,57.34260461479883,0.0,0.0,0.0,0.0,Friendly
46.6,A0200,AN/APG-68(V)9,TRACK,B0100,57.7423546258549,0.0,0.0,0.0,0.0,Friendly
46.6,B0100,N001VE,SEARCH,None,0.0,0.0,0.0,0.0,0.0,Enemy
46.6,B0200,N001VE,SEARCH,None,0.0,0.0,0.0,0.0,0.0,Enemy
46.800000000000004,A0100,AN/APG-68(V)9,TRACK,B0100,57.21998306799324,0.0,0.0,0.0,0.0,Friendly
46.800000000000004,A0200,AN/APG-68(V)9,TRACK,B0100,57.62013128041613,0.0,0.0,0.0,0.0,Friendly
46.800000000000004,B0100,N001VE,SEARCH,None,0.0,0.0,0.0,0.0,0.0,Enemy
46.800000000000004,B0200,N001VE,SEARCH,A0200,57.62602951096077,-23.103524891475423,-298.07771034904266,0.2908616163575098,15421.831736041102,Enemy
47.0,A0100,AN/APG-68(V)9,TRACK,B0100,57.09751469068967,0.0,0.0,0.0,0.0,Friendly
47.0,A0200,AN/APG-68(V)9,TRACK,B0100,57.49792345485637,0.0,0.0,0.0,0.0,Friendly
47.0,B0100,N001VE,SEARCH,None,0.0,0.0,0.0,0.0,0.0,Enemy
47.0,B0200,N001VE,SEARCH,A0200,57.62602951096077,-23.103524891475423,-298.07771034904266,0.2796746311129904,15421.831736041102,Enemy
47.2,A0100,AN/APG-68(V)9,TRACK,B0100,56.975371766170866,0.0,0.0,0.0,0.0,Friendly
47.2,A0200,AN/APG-68(V)9,TRACK,B0100,57.375908360272604,0.0,0.0,0.0,0.0,Friendly
47.2,B0100,N001VE,SEARCH,None,0.0,0.0,0.0,0.0,0.0,Enemy
47.2,B0200,N001VE,SEARCH,A0200,57.62602951096077,-23.103524891475423,-298.07771034904266,0.2684876458684706,15421.831736041102,Enemy
47.400000000000006,A0100,AN/APG-68(V)9,TRACK,B0100,56.85362420446077,0.0,0.0,0.0,0.0,Friendly
47.400000000000006,A0200,AN/APG-68(V)9,TRACK,B0100,57.25417993358173,0.0,0.0,0.0,0.0,Friendly
47.400000000000006,B0100,N001VE,SEARCH,None,0.0,0.0,0.0,0.0,0.0,Enemy
47.400000000000006,B0200,N001VE,SEARCH,A0200,57.62602951096077,-23.103524891475423,-298.07771034904266,0.25730066062395085,15421.831736041102,Enemy
47.6,A0100,AN/APG-68(V)9,TRACK,B0100,56.73214268869005,0.0,0.0,0.0,0.0,Friendly
47.6,A0200,AN/APG-68(V)9,TRACK,B0100,57.13262880418465,0.0,0.0,0.0,0.0,Friendly
47.6,B0100,N001VE,SEARCH,None,0.0,0.0,0.0,0.0,0.0,Enemy
47.6,B0200,N001VE,SEARCH,A0200,57.62602951096077,-23.103524891475423,-298.07771034904266,0.24611367537943146,15421.831736041102,Enemy
47.800000000000004,A0100,AN/APG-68(V)9,TRACK,B0100,56.61075174673911,0.0,0.0,0.0,0.0,Friendly
47.800000000000004,A0200,AN/APG-68(V)9,TRACK,B0100,57.01115874330142,0.0,0.0,0.0,0.0,Friendly
47.800000000000004,B0100,N001VE,SEARCH,A0200,57.01115874330142,-22.897681830614534,-147.97438189217675,0.29885493633708127,15445.894350824046,Enemy
47.800000000000004,B0200,N001VE,TRACK,A0100,56.640772184355505,-22.45259966183442,-1210.2197040165013,0.3036699616033782,15276.977564184273,Enemy
48.0,A0100,AN/APG-68(V)9,TRACK,B0100,56.48929011146253,0.0,0.0,0.0,0.0,Friendly
48.0,A0200,AN/APG-68(V)9,TRACK,B0100,56.88975535121679,0.0,0.0,0.0,0.0,Friendly
48.0,B0100,N001VE,SEARCH,A0200,57.01115874330142,-22.897681830614534,-147.97438189217675,0.2873605157087322,15445.894350824046,Enemy
48.0,B0200,N001VE,SEARCH,A0100,56.640772184355505,-22.45259966183442,-1210.2197040165013,0.2919903476955562,15276.977564184273,Enemy
48.2,A0100,AN/APG-68(V)9,TRACK,B0100,56.36780403510832,0.0,0.0,0.0,0.0,Friendly
48.2,A0200,AN/APG-68(V)9,TRACK,B0100,56.76847220535574,0.0,0.0,0.0,0.0,Friendly
48.2,B0100,N001VE,SEARCH,A0200,57.01115874330142,-22.897681830614534,-147.97438189217675,0.2758660950803828,15445.894350824046,Enemy
48.2,B0200,N001VE,SEARCH,A0100,56.640772184355505,-22.45259966183442,-1210.2197040165013,0.2803107337877338,15276.977564184273,Enemy
48.400000000000006,A0100,AN/APG-68(V)9,TRACK,B0100,56.24656545957106,0.0,0.0,0.0,0.0,Friendly
48.400000000000006,A0200,AN/APG-68(V)9,TRACK,B0100,56.64736495873353,0.0,0.0,0.0,0.0,Friendly
48.400000000000006,B0100,N001VE,SEARCH,A0200,57.01115874330142,-22.897681830614534,-147.97438189217675,0.2643716744520333,15445.894350824046,Enemy
48.400000000000006,B0200,N001VE,SEARCH,A0100,56.640772184355505,-22.45259966183442,-1210.2197040165013,0.26863111987991134,15276.977564184273,Enemy
48.6,A0100,AN/APG-68(V)9,TRACK,B0100,56.1256742483485,0.0,0.0,0.0,0.0,Friendly
48.6,A0200,AN/APG-68(V)9,TRACK,B0100,56.52641823921462,0.0,0.0,0.0,0.0,Friendly
48.6,B0100,N001VE,SEARCH,None,0.0,0.0,0.0,0.0,0.0,Enemy
48.6,B0200,N001VE,SEARCH,A0100,56.640772184355505,-22.45259966183442,-1210.2197040165013,0.2569515059720894,15276.977564184273,Enemy
48.800000000000004,A0100,AN/APG-68(V)9,TRACK,B0100,56.00502462905715,0.0,0.0,0.0,0.0,Friendly
48.800000000000004,A0200,AN/APG-68(V)9,TRACK,B0100,56.40554586707715,0.0,0.0,0.0,0.0,Friendly
48.800000000000004,B0100,N001VE,TRACK,A0100,56.00502462905715,-22.231182928725367,-1066.501031416269,0.31193467982225687,15298.89029996734,Enemy
48.800000000000004,B0200,N001VE,TRACK,A0200,56.41395118995369,-22.586694603148896,-388.6856089692454,0.30661863453060173,15406.742719563965,Enemy
49.0,A0100,AN/APG-68(V)9,TRACK,B0100,55.884466505945916,0.0,0.0,0.0,0.0,Friendly
49.0,A0200,AN/APG-68(V)9,TRACK,B0100,56.28461990975109,0.0,0.0,0.0,0.0,Friendly
49.0,B0100,N001VE,SEARCH,A0100,56.00502462905715,-22.231182928725367,-1066.501031416269,0.2999371921367857,15298.89029996734,Enemy
49.0,B0200,N001VE,SEARCH,A0200,56.41395118995369,-22.586694603148896,-388.6856089692454,0.29482561012557884,15406.742719563965,Enemy
49.2,A0100,AN/APG-68(V)9,TRACK,B0100,55.7638907025908,0.0,0.0,0.0,0.0,Friendly
49.2,A0200,AN/APG-68(V)9,TRACK,B0100,56.163669268598234,0.0,0.0,0.0,0.0,Friendly
49.2,B0100,N001VE,SEARCH,A0100,56.00502462905715,-22.231182928725367,-1066.501031416269,0.2879397044513141,15298.89029996734,Enemy
49.2,B0200,N001VE,SEARCH,A0200,56.41395118995369,-22.586694603148896,-388.6856089692454,0.2830325857205555,15406.742719563965,Enemy
49.400000000000006,A0100,AN/APG-68(V)9,TRACK,B0100,55.64325324884609,0.0,0.0,0.0,0.0,Friendly
49.400000000000006,A0200,AN/APG-68(V)9,TRACK,B0100,56.042760066183504,0.0,0.0,0.0,0.0,Friendly
49.400000000000006,B0100,N001VE,SEARCH,A0100,56.00502462905715,-22.231182928725367,-1066.501031416269,0.2759422167658425,15298.89029996734,Enemy
49.400000000000006,B0200,N001VE,SEARCH,A0200,56.41395118995369,-22.586694603148896,-388.6856089692454,0.2712395613155322,15406.742719563965,Enemy
49.6,A0100,AN/APG-68(V)9,TRACK,B0100,55.52262386817794,0.0,0.0,0.0,0.0,Friendly
49.6,A0200,AN/APG-68(V)9,TRACK,B0100,55.9220348932226,0.0,0.0,0.0,0.0,Friendly
49.6,B0100,N001VE,SEARCH,A0100,56.00502462905715,-22.231182928725367,-1066.501031416269,0.2639447290803713,15298.89029996734,Enemy
49.6,B0200,N001VE,SEARCH,A0200,56.41395118995369,-22.586694603148896,-388.6856089692454,0.2594465369105093,15406.742719563965,Enemy
49.800000000000004,A0100,AN/APG-68(V)9,TRACK,B0100,55.40207256982851,0.0,0.0,0.0,0.0,Friendly
49.800000000000004,A0200,AN/APG-68(V)9,TRACK,B0100,55.801500190121665,0.0,0.0,0.0,0.0,Friendly
49.800000000000004,B0100,N001VE,SEARCH,None,0.0,0.0,0.0,0.0,0.0,Enemy
49.800000000000004,B0200,N001VE,SEARCH,None,0.0,0.0,0.0,0.0,0.0,Enemy
50.0,A0100,AN/APG-68(V)9,TRACK,B0100,55.281619480455994,0.0,0.0,0.0,0.0,Friendly
50.0,A0200,AN/APG-68(V)9,TRACK,B0100,55.68110101567823,0.0,0.0,0.0,0.0,Friendly
50.0,B0100,N001VE,SEARCH,None,0.0,0.0,0.0,0.0,0.0,Enemy
50.0,B0200,N001VE,SEARCH,None,0.0,0.0,0.0,0.0,0.0,Enemy
50.2,A0100,AN/APG-68(V)9,TRACK,B0100,55.161458068039884,0.0,0.0,0.0,0.0,Friendly
50.2,A0200,AN/APG-68(V)9,TRACK,B0100,55.56095490876964,0.0,0.0,0.0,0.0,Friendly
50.2,B0100,N001VE,SEARCH,None,0.0,0.0,0.0,0.0,0.0,Enemy
50.2,B0200,N001VE,SEARCH,None,0.0,0.0,0.0,0.0,0.0,Enemy
50.400000000000006,A0100,AN/APG-68(V)9,TRACK,B0100,55.041745178567844,0.0,0.0,0.0,0.0,Friendly
50.400000000000006,A0200,AN/APG-68(V)9,TRACK,B0100,55.44114349590937,0.0,0.0,0.0,0.0,Friendly
50.400000000000006,B0100,N001VE,SEARCH,None,0.0,0.0,0.0,0.0,0.0,Enemy
50.400000000000006,B0200,N001VE,SEARCH,None,0.0,0.0,0.0,0.0,0.0,Enemy
50.6,A0100,AN/APG-68(V)9,TRACK,B0100,54.922487867657416,0.0,0.0,0.0,0.0,Friendly
50.6,A0200,AN/APG-68(V)9,TRACK,B0100,55.32166555984899,0.0,0.0,0.0,0.0,Friendly
50.6,B0100,N001VE,SEARCH,None,0.0,0.0,0.0,0.0,0.0,Enemy
50.6,B0200,N001VE,SEARCH,None,0.0,0.0,0.0,0.0,0.0,Enemy
50.800000000000004,A0100,AN/APG-68(V)9,TRACK,B0100,54.80363770171846,0.0,0.0,0.0,0.0,Friendly
50.800000000000004,A0200,AN/APG-68(V)9,TRACK,B0100,55.202456139832165,0.0,0.0,0.0,0.0,Friendly
50.800000000000004,B0100,N001VE,SEARCH,None,0.0,0.0,0.0,0.0,0.0,Enemy
50.800000000000004,B0200,N001VE,SEARCH,None,0.0,0.0,0.0,0.0,0.0,Enemy
51.0,A0100,AN/APG-68(V)9,TRACK,B0100,54.68514582305664,0.0,0.0,0.0,0.0,Friendly
51.0,A0200,AN/APG-68(V)9,TRACK,B0100,55.08358752604295,0.0,0.0,0.0,0.0,Friendly
51.0,B0100,N001VE,SEARCH,None,0.0,0.0,0.0,0.0,0.0,Enemy
51.0,B0200,N001VE,SEARCH,None,0.0,0.0,0.0,0.0,0.0,Enemy
51.2,A0100,AN/APG-68(V)9,TRACK,B0100,54.567131558133774,0.0,0.0,0.0,0.0,Friendly
51.2,A0200,AN/APG-68(V)9,TRACK,B0100,54.9652380393093,0.0,0.0,0.0,0.0,Friendly
51.2,B0100,N001VE,SEARCH,None,0.0,0.0,0.0,0.0,0.0,Enemy
51.2,B0200,N001VE,SEARCH,None,0.0,0.0,0.0,0.0,0.0,Enemy
51.400000000000006,A0100,AN/APG-68(V)9,TRACK,B0100,54.44956201821491,0.0,0.0,0.0,0.0,Friendly
51.400000000000006,A0200,AN/APG-68(V)9,TRACK,B0100,54.847391873603954,0.0,0.0,0.0,0.0,Friendly
51.400000000000006,B0100,N001VE,SEARCH,None,0.0,0.0,0.0,0.0,0.0,Enemy
51.400000000000006,B0200,N001VE,SEARCH,None,0.0,0.0,0.0,0.0,0.0,Enemy
51.6,A0100,AN/APG-68(V)9,TRACK,B0100,54.3322363766152,0.0,0.0,0.0,0.0,Friendly
51.6,A0200,AN/APG-68(V)9,TRACK,B0100,54.729791290368084,0.0,0.0,0.0,0.0,Friendly
51.6,B0100,N001VE,SEARCH,None,0.0,0.0,0.0,0.0,0.0,Enemy
51.6,B0200,N001VE,SEARCH,None,0.0,0.0,0.0,0.0,0.0,Enemy
51.800000000000004,A0100,AN/APG-68(V)9,TRACK,B0100,54.21505571400842,0.0,0.0,0.0,0.0,Friendly
51.800000000000004,A0200,AN/APG-68(V)9,TRACK,B0100,54.61217690340541,0.0,0.0,0.0,0.0,Friendly
51.800000000000004,B0100,N001VE,TRACK,A0200,54.61217690340541,-21.85729353510424,-330.9435339731618,0.3300417002557293,15415.140885275972,Enemy
51.800000000000004,B0200,N001VE,TRACK,A0100,54.2521793317882,-21.390700748385157,-1441.1914365206028,0.3347216686867532,15234.257512528871,Enemy
52.0,A0100,AN/APG-68(V)9,TRACK,B0100,54.09815989699086,0.0,0.0,0.0,0.0,Friendly
52.0,A0200,AN/APG-68(V)9,TRACK,B0100,54.494573678987145,0.0,0.0,0.0,0.0,Friendly
52.0,B0100,N001VE,TRACK,A0200,54.61217690340541,-21.85729353510424,-330.9435339731618,0.3173477887074323,15415.140885275972,Enemy
52.0,B0200,N001VE,TRACK,A0100,54.2521793317882,-21.390700748385157,-1441.1914365206028,0.32184775835264756,15234.257512528871,Enemy
52.2,A0100,AN/APG-68(V)9,TRACK,B0100,53.981715099014195,0.0,0.0,0.0,0.0,Friendly
52.2,A0200,AN/APG-68(V)9,TRACK,B0100,54.37721140292138,0.0,0.0,0.0,0.0,Friendly
52.2,B0100,N001VE,SEARCH,None,0.0,0.0,0.0,0.0,0.0,Enemy
52.2,B0200,N001VE,TRACK,A0100,54.2521793317882,-21.390700748385157,-1441.1914365206028,0.30897384801854144,15234.257512528871,Enemy
52.400000000000006,A0100,AN/APG-68(V)9,TRACK,B0100,53.86574102144892,0.0,0.0,0.0,0.0,Friendly
52.400000000000006,A0200,AN/APG-68(V)9,TRACK,B0100,54.260289370850074,0.0,0.0,0.0,0.0,Friendly
52.400000000000006,B0100,N001VE,SEARCH,None,0.0,0.0,0.0,0.0,0.0,Enemy
52.400000000000006,B0200,N001VE,SEARCH,A0100,54.2521793317882,-21.390700748385157,-1441.1914365206028,0.2960999376844354,15234.257512528871,Enemy
52.6,A0100,AN/APG-68(V)9,TRACK,B0100,53.74995429789188,0.0,0.0,0.0,0.0,Friendly
52.6,A0200,AN/APG-68(V)9,TRACK,B0100,54.14351329489683,0.0,0.0,0.0,0.0,Friendly
52.6,B0100,N001VE,SEARCH,None,0.0,0.0,0.0,0.0,0.0,Enemy
52.6,B0200,N001VE,SEARCH,A0100,54.2521793317882,-21.390700748385157,-1441.1914365206028,0.28322602735032976,15234.257512528871,Enemy
52.800000000000004,A0100,AN/APG-68(V)9,TRACK,B0100,53.634126589836086,0.0,0.0,0.0,0.0,Friendly
52.800000000000004,A0200,AN/APG-68(V)9,TRACK,B0100,54.026649924168055,0.0,0.0,0.0,0.0,Friendly
52.800000000000004,B0100,N001VE,SEARCH,None,0.0,0.0,0.0,0.0,0.0,Enemy
52.800000000000004,B0200,N001VE,TRACK,A0200,54.04064537916803,-21.54405550825306,-582.4550849863967,0.3374716100708153,15373.127942686491,Enemy
53.0,A0100,AN/APG-68(V)9,TRACK,B0100,53.51826093693013,0.0,0.0,0.0,0.0,Friendly
53.0,A0200,AN/APG-68(V)9,TRACK,B0100,53.9097820154274,0.0,0.0,0.0,0.0,Friendly
53.0,B0100,N001VE,SEARCH,None,0.0,0.0,0.0,0.0,0.0,Enemy
53.0,B0200,N001VE,TRACK,A0200,54.04064537916803,-21.54405550825306,-582.4550849863967,0.32449193276039956,15373.127942686491,Enemy
53.2,A0100,AN/APG-68(V)9,TRACK,B0100,53.40246851450346,0.0,0.0,0.0,0.0,Friendly
53.2,A0200,AN/APG-68(V)9,TRACK,B0100,53.79303204246732,0.0,0.0,0.0,0.0,Friendly
53.2,B0100,N001VE,SEARCH,None,0.0,0.0,0.0,0.0,0.0,Enemy
53.2,B0200,N001VE,TRACK,A0200,54.04064537916803,-21.54405550825306,-582.4550849863967,0.3115122554499834,15373.127942686491,Enemy
53.400000000000006,A0100,AN/APG-68(V)9,TRACK,B0100,53.286790136282335,0.0,0.0,0.0,0.0,Friendly
53.400000000000006,A0200,AN/APG-68(V)9,TRACK,B0100,53.676414532033704,0.0,0.0,0.0,0.0,Friendly
53.400000000000006,B0100,N001VE,SEARCH,None,0.0,0.0,0.0,0.0,0.0,Enemy
53.400000000000006,B0200,N001VE,SEARCH,A0200,54.04064537916803,-21.54405550825306,-582.4550849863967,0.2985325781395672,15373.127942686491,Enemy
53.6,A0100,AN/APG-68(V)9,TRACK,B0100,53.171206361274244,0.0,0.0,0.0,0.0,Friendly
53.6,A0200,AN/APG-68(V)9,TRACK,B0100,53.559855791633545,0.0,0.0,0.0,0.0,Friendly
53.6,B0100,N001VE,SEARCH,None,0.0,0.0,0.0,0.0,0.0,Enemy
53.6,B0200,N001VE,SEARCH,A0200,54.04064537916803,-21.54405550825306,-582.4550849863967,0.2855529008291515,15373.127942686491,Enemy
53.800000000000004,A0100,AN/APG-68(V)9,TRACK,B0100,53.05583996646228,0.0,0.0,0.0,0.0,Friendly
53.800000000000004,A0200,AN/APG-68(V)9,TRACK,B0100,53.4434621915371,0.0,0.0,0.0,0.0,Friendly
53.800000000000004,B0100,N001VE,TRACK,A0200,53.4434621915371,-21.3337248669235,-432.36518108132526,0.3452349915100174,15397.435880778716,Enemy
53.800000000000004,B0200,N001VE,TRACK,A0200,53.45900854228461,-21.281642174414113,-633.0542642409227,0.3450328889502998,15363.809028589578,Enemy
54.0,A0100,AN/APG-68(V)9,TRACK,B0100,52.94060381489985,0.0,0.0,0.0,0.0,Friendly
54.0,A0200,AN/APG-68(V)9,TRACK,B0100,53.32710528199904,0.0,0.0,0.0,0.0,Friendly
54.0,B0100,N001VE,TRACK,A0200,53.4434621915371,-21.3337248669235,-432.36518108132526,0.33195672260578624,15397.435880778716,Enemy
54.0,B0200,N001VE,TRACK,A0200,53.45900854228461,-21.281642174414113,-633.0542642409227,0.3317623932214424,15363.809028589578,Enemy
54.2,A0100,AN/APG-68(V)9,TRACK,B0100,52.82548405026548,0.0,0.0,0.0,0.0,Friendly
54.2,A0200,AN/APG-68(V)9,TRACK,B0100,53.21078757644309,0.0,0.0,0.0,0.0,Friendly
54.2,B0100,N001VE,TRACK,A0200,53.4434621915371,-21.3337248669235,-432.36518108132526,0.31867845370155456,15397.435880778716,Enemy
54.2,B0200,N001VE,TRACK,A0200,53.45900854228461,-21.281642174414113,-633.0542642409227,0.3184918974925845,15363.809028589578,Enemy
54.400000000000006,A0100,AN/APG-68(V)9,TRACK,B0100,52.71046676872264,0.0,0.0,0.0,0.0,Friendly
54.400000000000006,A0200,AN/APG-68(V)9,TRACK,B0100,53.094477817922844,0.0,0.0,0.0,0.0,Friendly
54.400000000000006,B0100,N001VE,TRACK,A0200,53.4434621915371,-21.3337248669235,-432.36518108132526,0.30540018479732295,15397.435880778716,Enemy
54.400000000000006,B0200,N001VE,TRACK,A0200,53.45900854228461,-21.281642174414113,-633.0542642409227,0.30522140176372664,15363.809028589578,Enemy
54.6,A0100,AN/APG-68(V)9,TRACK,B0100,52.5956337916978,0.0,0.0,0.0,0.0,Friendly
54.6,A0200,AN/APG-68(V)9,TRACK,B0100,52.978280674444164,0.0,0.0,0.0,0.0,Friendly
54.6,B0100,N001VE,SEARCH,A0200,53.4434621915371,-21.3337248669235,-432.36518108132526,0.2921219158930918,15397.435880778716,Enemy
54.6,B0200,N001VE,SEARCH,A0200,53.45900854228461,-21.281642174414113,-633.0542642409227,0.29195090603486923,15363.809028589578,Enemy
54.800000000000004,A0100,AN/APG-68(V)9,TRACK,B0100,52.48106087030112,0.0,0.0,0.0,0.0,Friendly
54.800000000000004,A0200,AN/APG-68(V)9,TRACK,B0100,52.86238415077224,0.0,0.0,0.0,0.0,Friendly
54.800000000000004,B0100,N001VE,TRACK,A0200,52.86238415077224,-21.069377783971152,-484.42815183460175,0.35278900603996044,15388.081923597374,Enemy
54.800000000000004,B0200,N001VE,SEARCH,None,0.0,0.0,0.0,0.0,0.0,Enemy
55.0,A0100,AN/APG-68(V)9,TRACK,B0100,52.366694424898554,0.0,0.0,0.0,0.0,Friendly
55.0,A0200,AN/APG-68(V)9,TRACK,B0100,52.74671063459756,0.0,0.0,0.0,0.0,Friendly
55.0,B0100,N001VE,TRACK,A0200,52.86238415077224,-21.069377783971152,-484.42815183460175,0.33922019811534687,15388.081923597374,Enemy
55.0,B0200,N001VE,SEARCH,None,0.0,0.0,0.0,0.0,0.0,Enemy
55.2,A0100,AN/APG-68(V)9,TRACK,B0100,52.252547769133216,0.0,0.0,0.0,0.0,Friendly
55.2,A0200,AN/APG-68(V)9,TRACK,B0100,52.63119415835808,0.0,0.0,0.0,0.0,Friendly
55.2,B0100,N001VE,TRACK,A0200,52.86238415077224,-21.069377783971152,-484.42815183460175,0.3256513901907328,15388.081923597374,Enemy
55.2,B0200,N001VE,SEARCH,None,0.0,0.0,0.0,0.0,0.0,Enemy
55.400000000000006,A0100,AN/APG-68(V)9,TRACK,B0100,52.13858412283492,0.0,0.0,0.0,0.0,Friendly
55.400000000000006,A0200,AN/APG-68(V)9,TRACK,B0100,52.515812899280014,0.0,0.0,0.0,0.0,Friendly
55.400000000000006,B0100,N001VE,TRACK,A0200,52.86238415077224,-21.069377783971152,-484.42815183460175,0.31208258226611874,15388.081923597374,Enemy
55.400000000000006,B0200,N001VE,SEARCH,None,0.0,0.0,0.0,0.0,0.0,Enemy
55.6,A0100,AN/APG-68(V)9,TRACK,B0100,52.02470813689109,0.0,0.0,0.0,0.0,Friendly
55.6,A0200,AN/APG-68(V)9,TRACK,B0100,52.40055997070865,0.0,0.0,0.0,0.0,Friendly
55.6,B0100,N001VE,SEARCH,A0200,52.86238415077224,-21.069377783971152,-484.42815183460175,0.2985137743415051,15388.081923597374,Enemy
55.6,B0200,N001VE,SEARCH,None,0.0,0.0,0.0,0.0,0.0,Enemy
55.800000000000004,A0100,AN/APG-68(V)9,TRACK,B0100,51.91089925743871,0.0,0.0,0.0,0.0,Friendly
55.800000000000004,A0200,AN/APG-68(V)9,TRACK,B0100,52.28538362609174,0.0,0.0,0.0,0.0,Friendly
55.800000000000004,B0100,N001VE,SEARCH,None,0.0,0.0,0.0,0.0,0.0,Enemy
55.800000000000004,B0200,N001VE,TRACK,A0100,51.9563095424659,-20.32299264013541,-1677.8768357565789,0.36456797594794293,15184.430005695427,Enemy
56.0,A0100,AN/APG-68(V)9,TRACK,B0100,51.79732268269492,0.0,0.0,0.0,0.0,Friendly
56.0,A0200,AN/APG-68(V)9,TRACK,B0100,52.170353577599116,0.0,0.0,0.0,0.0,Friendly
56.0,B0100,N001VE,SEARCH,None,0.0,0.0,0.0,0.0,0.0,Enemy
56.0,B0200,N001VE,TRACK,A0100,51.9563095424659,-20.32299264013541,-1677.8768357565789,0.3505461307191762,15184.430005695427,Enemy
56.2,A0100,AN/APG-68(V)9,TRACK,B0100,51.68410156045858,0.0,0.0,0.0,0.0,Friendly
56.2,A0200,AN/APG-68(V)9,TRACK,B0100,52.055577790608716,0.0,0.0,0.0,0.0,Friendly
56.2,B0100,N001VE,SEARCH,None,0.0,0.0,0.0,0.0,0.0,Enemy
56.2,B0200,N001VE,TRACK,A0100,51.9563095424659,-20.32299264013541,-1677.8768357565789,0.3365242854904089,15184.430005695427,Enemy
56.400000000000006,A0100,AN/APG-68(V)9,TRACK,B0100,51.57109977316709,0.0,0.0,0.0,0.0,Friendly
56.400000000000006,A0200,AN/APG-68(V)9,TRACK,B0100,51.94099570954172,0.0,0.0,0.0,0.0,Friendly
56.400000000000006,B0100,N001VE,SEARCH,None,0.0,0.0,0.0,0.0,0.0,Enemy
56.400000000000006,B0200,N001VE,TRACK,A0100,51.9563095424659,-20.32299264013541,-1677.8768357565789,0.32250244026164165,15184.430005695427,Enemy
56.6,A0100,AN/APG-68(V)9,TRACK,B0100,51.458247232198296,0.0,0.0,0.0,0.0,Friendly
56.6,A0200,AN/APG-68(V)9,TRACK,B0100,51.82660640679893,0.0,0.0,0.0,0.0,Friendly
56.6,B0100,N001VE,SEARCH,None,0.0,0.0,0.0,0.0,0.0,Enemy
56.6,B0200,N001VE,TRACK,A0100,51.9563095424659,-20.32299264013541,-1677.8768357565789,0.3084805950328749,15184.430005695427,Enemy
56.800000000000004,A0100,AN/APG-68(V)9,TRACK,B0100,51.34555389457679,0.0,0.0,0.0,0.0,Friendly
56.800000000000004,A0200,AN/APG-68(V)9,TRACK,B0100,51.71236390549544,0.0,0.0,0.0,0.0,Friendly
56.800000000000004,B0100,N001VE,SEARCH,None,0.0,0.0,0.0,0.0,0.0,Enemy
56.800000000000004,B0200,N001VE,SEARCH,None,0.0,0.0,0.0,0.0,0.0,Enemy
57.0,A0100,AN/APG-68(V)9,TRACK,B0100,51.23305398379892,0.0,0.0,0.0,0.0,Friendly
57.0,A0200,AN/APG-68(V)9,TRACK,B0100,51.59826439002191,0.0,0.0,0.0,0.0,Friendly
57.0,B0100,N001VE,SEARCH,None,0.0,0.0,0.0,0.0,0.0,Enemy
57.0,B0200,N001VE,SEARCH,None,0.0,0.0,0.0,0.0,0.0,Enemy
57.2,A0100,AN/APG-68(V)9,TRACK,B0100,51.12081420105834,0.0,0.0,0.0,0.0,Friendly
57.2,A0200,AN/APG-68(V)9,TRACK,B0100,51.48442805515435,0.0,0.0,0.0,0.0,Friendly
57.2,B0100,N001VE,SEARCH,None,0.0,0.0,0.0,0.0,0.0,Enemy
57.2,B0200,N001VE,SEARCH,None,0.0,0.0,0.0,0.0,0.0,Enemy
57.400000000000006,A0100,AN/APG-68(V)9,TRACK,B0100,51.00878560116292,0.0,0.0,0.0,0.0,Friendly
57.400000000000006,A0200,AN/APG-68(V)9,TRACK,B0100,51.370768510474456,0.0,0.0,0.0,0.0,Friendly
57.400000000000006,B0100,N001VE,SEARCH,None,0.0,0.0,0.0,0.0,0.0,Enemy
57.400000000000006,B0200,N001VE,SEARCH,None,0.0,0.0,0.0,0.0,0.0,Enemy
57.6,A0100,AN/APG-68(V)9,TRACK,B0100,50.896850085975174,0.0,0.0,0.0,0.0,Friendly
57.6,A0200,AN/APG-68(V)9,TRACK,B0100,51.257218633122555,0.0,0.0,0.0,0.0,Friendly
57.6,B0100,N001VE,SEARCH,None,0.0,0.0,0.0,0.0,0.0,Enemy
57.6,B0200,N001VE,SEARCH,None,0.0,0.0,0.0,0.0,0.0,Enemy
57.800000000000004,A0100,AN/APG-68(V)9,TRACK,B0100,50.784997107087385,0.0,0.0,0.0,0.0,Friendly
57.800000000000004,A0200,AN/APG-68(V)9,TRACK,B0100,51.143742310132055,0.0,0.0,0.0,0.0,Friendly
57.800000000000004,B0100,N001VE,SEARCH,None,0.0,0.0,0.0,0.0,0.0,Enemy
57.800000000000004,B0200,N001VE,SEARCH,None,0.0,0.0,0.0,0.0,0.0,Enemy
58.0,A0100,AN/APG-68(V)9,TRACK,B0100,50.67336778880623,0.0,0.0,0.0,0.0,Friendly
58.0,A0200,AN/APG-68(V)9,TRACK,B0100,51.030482541892724,0.0,0.0,0.0,0.0,Friendly
58.0,B0100,N001VE,SEARCH,None,0.0,0.0,0.0,0.0,0.0,Enemy
58.0,B0200,N001VE,SEARCH,None,0.0,0.0,0.0,0.0,0.0,Enemy
58.2,A0100,AN/APG-68(V)9,TRACK,B0100,50.56203931522269,0.0,0.0,0.0,0.0,Friendly
58.2,A0200,AN/APG-68(V)9,TRACK,B0100,50.91760804693077,0.0,0.0,0.0,0.0,Friendly
58.2,B0100,N001VE,SEARCH,None,0.0,0.0,0.0,0.0,0.0,Enemy
58.2,B0200,N001VE,SEARCH,None,0.0,0.0,0.0,0.0,0.0,Enemy
58.400000000000006,A0100,AN/APG-68(V)9,TRACK,B0100,50.45098377519113,0.0,0.0,0.0,0.0,Friendly
58.400000000000006,A0200,AN/APG-68(V)9,TRACK,B0100,50.80501652708376,0.0,0.0,0.0,0.0,Friendly
58.400000000000006,B0100,N001VE,SEARCH,None,0.0,0.0,0.0,0.0,0.0,Enemy
58.400000000000006,B0200,N001VE,SEARCH,None,0.0,0.0,0.0,0.0,0.0,Enemy
58.6,A0100,AN/APG-68(V)9,TRACK,B0100,50.34016044622198,0.0,0.0,0.0,0.0,Friendly
58.6,A0200,AN/APG-68(V)9,TRACK,B0100,50.69268361038363,0.0,0.0,0.0,0.0,Friendly
58.6,B0100,N001VE,SEARCH,None,0.0,0.0,0.0,0.0,0.0,Enemy
58.6,B0200,N001VE,SEARCH,None,0.0,0.0,0.0,0.0,0.0,Enemy
58.800000000000004,A0100,AN/APG-68(V)9,TRACK,B0100,50.22958232783851,0.0,0.0,0.0,0.0,Friendly
58.800000000000004,A0200,AN/APG-68(V)9,TRACK,B0100,50.58052306722911,0.0,0.0,0.0,0.0,Friendly
58.800000000000004,B0100,N001VE,TRACK,A0200,50.58052306722911,-20.002078424661015,-704.8797093622566,0.38245320012602124,15346.49891398787,Enemy
58.800000000000004,B0200,N001VE,SEARCH,None,0.0,0.0,0.0,0.0,0.0,Enemy
59.0,A0100,AN/APG-68(V)9,TRACK,B0100,50.11921690922681,0.0,0.0,0.0,0.0,Friendly
59.0,A0200,AN/APG-68(V)9,TRACK,B0100,50.468531982676424,0.0,0.0,0.0,0.0,Friendly
59.0,B0100,N001VE,TRACK,A0200,50.58052306722911,-20.002078424661015,-704.8797093622566,0.3677434616596361,15346.49891398787,Enemy
59.0,B0200,N001VE,SEARCH,None,0.0,0.0,0.0,0.0,0.0,Enemy
59.2,A0100,AN/APG-68(V)9,TRACK,B0100,50.0089663638716,0.0,0.0,0.0,0.0,Friendly
59.2,A0200,AN/APG-68(V)9,TRACK,B0100,50.35668218687341,0.0,0.0,0.0,0.0,Friendly
59.2,B0100,N001VE,TRACK,A0200,50.58052306722911,-20.002078424661015,-704.8797093622566,0.35303372319325044,15346.49891398787,Enemy
59.2,B0200,N001VE,SEARCH,None,0.0,0.0,0.0,0.0,0.0,Enemy
59.400000000000006,A0100,AN/APG-68(V)9,TRACK,B0100,49.898958227312555,0.0,0.0,0.0,0.0,Friendly
59.400000000000006,A0200,AN/APG-68(V)9,TRACK,B0100,50.24505999815805,0.0,0.0,0.0,0.0,Friendly
59.400000000000006,B0100,N001VE,TRACK,A0200,50.58052306722911,-20.002078424661015,-704.8797093622566,0.3383239847268648,15346.49891398787,Enemy
59.400000000000006,B0200,N001VE,SEARCH,None,0.0,0.0,0.0,0.0,0.0,Enemy
59.6,A0100,AN/APG-68(V)9,TRACK,B0100,49.78909829774198,0.0,0.0,0.0,0.0,Friendly
59.6,A0200,AN/APG-68(V)9,TRACK,B0100,50.1336174071702,0.0,0.0,0.0,0.0,Friendly
59.6,B0100,N001VE,TRACK,A0200,50.58052306722911,-20.002078424661015,-704.8797093622566,0.3236142462604797,15346.49891398787,Enemy
59.6,B0200,N001VE,SEARCH,None,0.0,0.0,0.0,0.0,0.0,Enemy
59.800000000000004,A0100,AN/APG-68(V)9,TRACK,B0100,49.67939818662239,0.0,0.0,0.0,0.0,Friendly
59.800000000000004,A0200,AN/APG-68(V)9,TRACK,B0100,50.022304757549485,0.0,0.0,0.0,0.0,Friendly
59.800000000000004,B0100,N001VE,TRACK,A0100,49.67939818662239,-19.280159313815084,-1746.935702589016,0.3941678235739086,15163.4234157442,Enemy
59.800000000000004,B0200,N001VE,TRACK,A0200,50.04861307331878,-19.682629289615285,-967.6032608170103,0.3893680300468555,15299.168378760352,Enemy
60.0,A0100,AN/APG-68(V)9,TRACK,B0100,49.56990117143697,0.0,0.0,0.0,0.0,Friendly
60.0,A0200,AN/APG-68(V)9,TRACK,B0100,49.91118351596092,0.0,0.0,0.0,0.0,Friendly
60.0,B0100,N001VE,TRACK,A0100,49.67939818662239,-19.280159313815084,-1746.935702589016,0.37900752266722015,15163.4234157442,Enemy
60.0,B0200,N001VE,TRACK,A0200,50.04861307331878,-19.682629289615285,-967.6032608170103,0.37439233658351523,15299.168378760352,Enemy
60.2,A0100,AN/APG-68(V)9,TRACK,B0100,49.460701543842355,0.0,0.0,0.0,0.0,Friendly
60.2,A0200,AN/APG-68(V)9,TRACK,B0100,49.800369506989625,0.0,0.0,0.0,0.0,Friendly
60.2,B0100,N001VE,TRACK,A0100,49.67939818662239,-19.280159313815084,-1746.935702589016,0.36384722176053114,15163.4234157442,Enemy
60.2,B0200,N001VE,TRACK,A0200,50.04861307331878,-19.682629289615285,-967.6032608170103,0.3594166431201744,15299.168378760352,Enemy
60.400000000000006,A0100,AN/APG-68(V)9,TRACK,B0100,49.351869885968455,0.0,0.0,0.0,0.0,Friendly
60.400000000000006,A0200,AN/APG-68(V)9,TRACK,B0100,49.68989581948085,0.0,0.0,0.0,0.0,Friendly
60.400000000000006,B0100,N001VE,TRACK,A0100,49.67939818662239,-19.280159313815084,-1746.935702589016,0.3486869208538421,15163.4234157442,Enemy
60.400000000000006,B0200,N001VE,TRACK,A0200,50.04861307331878,-19.682629289615285,-967.6032608170103,0.3444409496568336,15299.168378760352,Enemy
60.6,A0100,AN/APG-68(V)9,TRACK,B0100,49.243265893548624,0.0,0.0,0.0,0.0,Friendly
60.6,A0200,AN/APG-68(V)9,TRACK,B0100,49.579620357258555,0.0,0.0,0.0,0.0,Friendly
60.6,B0100,N001VE,TRACK,A0100,49.67939818662239,-19.280159313815084,-1746.935702589016,0.3335266199471536,15163.4234157442,Enemy
60.6,B0200,N001VE,TRACK,A0200,50.04861307331878,-19.682629289615285,-967.6032608170103,0.32946525619349326,15299.168378760352,Enemy
60.800000000000004,A0100,AN/APG-68(V)9,TRACK,B0100,49.134805814581235,0.0,0.0,0.0,0.0,Friendly
60.800000000000004,A0200,AN/APG-68(V)9,TRACK,B0100,49.469371522748716,0.0,0.0,0.0,0.0,Friendly
60.800000000000004,B0100,N001VE,TRACK,A0100,49.134805814581235,-19.00805346680957,-1814.4578580105083,0.40124752441044365,15148.43293573665,Enemy
60.800000000000004,B0200,N001VE,SEARCH,None,0.0,0.0,0.0,0.0,0.0,Enemy
61.0,A0100,AN/APG-68(V)9,TRACK,B0100,49.02642528964341,0.0,0.0,0.0,0.0,Friendly
61.0,A0200,AN/APG-68(V)9,TRACK,B0100,49.35910379994484,0.0,0.0,0.0,0.0,Friendly
61.0,B0100,N001VE,TRACK,A0100,49.134805814581235,-19.00805346680957,-1814.4578580105083,0.3858149273177346,15148.43293573665,Enemy
61.0,B0200,N001VE,SEARCH,None,0.0,0.0,0.0,0.0,0.0,Enemy
61.2,A0100,AN/APG-68(V)9,TRACK,B0100,48.91810772841977,0.0,0.0,0.0,0.0,Friendly
61.2,A0200,AN/APG-68(V)9,TRACK,B0100,49.24892585142664,0.0,0.0,0.0,0.0,Friendly
61.2,B0100,N001VE,TRACK,A0100,49.134805814581235,-19.00805346680957,-1814.4578580105083,0.370382330225025,15148.43293573665,Enemy
61.2,B0200,N001VE,SEARCH,None,0.0,0.0,0.0,0.0,0.0,Enemy
61.400000000000006,A0100,AN/APG-68(V)9,TRACK,B0100,48.809948160967714,0.0,0.0,0.0,0.0,Friendly
61.400000000000006,A0200,AN/APG-68(V)9,TRACK,B0100,49.13900564888915,0.0,0.0,0.0,0.0,Friendly
61.400000000000006,B0100,N001VE,TRACK,A0100,49.134805814581235,-19.00805346680957,-1814.4578580105083,0.35494973313231537,15148.43293573665,Enemy
61.400000000000006,B0200,N001VE,SEARCH,None,0.0,0.0,0.0,0.0,0.0,Enemy
61.6,A0100,AN/APG-68(V)9,TRACK,B0100,48.702111874246256,0.0,0.0,0.0,0.0,Friendly
61.6,A0200,AN/APG-68(V)9,TRACK,B0100,49.029399643765245,0.0,0.0,0.0,0.0,Friendly
61.6,B0100,N001VE,TRACK,A0100,49.134805814581235,-19.00805346680957,-1814.4578580105083,0.3395171360396063,15148.43293573665,Enemy
61.6,B0200,N001VE,SEARCH,None,0.0,0.0,0.0,0.0,0.0,Enemy
61.800000000000004,A0100,AN/APG-68(V)9,TRACK,B0100,48.59453417921164,0.0,0.0,0.0,0.0,Friendly
61.800000000000004,A0200,AN/APG-68(V)9,TRACK,B0100,48.9199421818285,0.0,0.0,0.0,0.0,Friendly
61.800000000000004,B0100,N001VE,TRACK,A0100,48.59453417921164,-18.73511552111134,-1885.201261026016,0.4082710556702483,15133.055919010158,Enemy
61.800000000000004,B0100,N001VE,TRACK,A0200,48.9199421818285,-19.194174037114095,-884.7443040361817,0.40404075163622905,15311.003574489168,Enemy
61.800000000000004,B0200,N001VE,SEARCH,None,0.0,0.0,0.0,0.0,0.0,Enemy
62.0,A0100,AN/APG-68(V)9,TRACK,B0100,48.487001445969355,0.0,0.0,0.0,0.0,Friendly
62.0,A0200,AN/APG-68(V)9,TRACK,B0100,48.81046175653708,0.0,0.0,0.0,0.0,Friendly
62.0,B0100,N001VE,TRACK,A0100,48.59453417921164,-18.73511552111134,-1885.201261026016,0.3925683227598544,15133.055919010158,Enemy
62.0,B0100,N001VE,TRACK,A0200,48.9199421818285,-19.194174037114095,-884.7443040361817,0.38850072272714364,15311.003574489168,Enemy
62.0,B0200,N001VE,SEARCH,None,0.0,0.0,0.0,0.0,0.0,Enemy
62.2,A0100,AN/APG-68(V)9,TRACK,B0100,48.37950114139835,0.0,0.0,0.0,0.0,Friendly
62.2,A0200,AN/APG-68(V)9,TRACK,B0100,48.70093897868092,0.0,0.0,0.0,0.0,Friendly
62.2,B0100,N001VE,TRACK,A0100,48.59453417921164,-18.73511552111134,-1885.201261026016,0.37686558984946,15133.055919010158,Enemy
62.2,B0100,N001VE,TRACK,A0200,48.9199421818285,-19.194174037114095,-884.7443040361817,0.3729606938180577,15311.003574489168,Enemy
62.2,B0200,N001VE,SEARCH,None,0.0,0.0,0.0,0.0,0.0,Enemy
62.400000000000006,A0100,AN/APG-68(V)9,TRACK,B0100,48.27196917078513,0.0,0.0,0.0,0.0,Friendly
62.400000000000006,A0200,AN/APG-68(V)9,TRACK,B0100,48.591458359453576,0.0,0.0,0.0,0.0,Friendly
62.400000000000006,B0100,N001VE,TRACK,A0100,48.59453417921164,-18.73511552111134,-1885.201261026016,0.36116285693906564,15133.055919010158,Enemy
62.400000000000006,B0100,N001VE,TRACK,A0200,48.9199421818285,-19.194174037114095,-884.7443040361817,0.3574206649089717,15311.003574489168,Enemy
62.400000000000006,B0200,N001VE,SEARCH,None,0.0,0.0,0.0,0.0,0.0,Enemy
62.6,A0100,AN/APG-68(V)9,TRACK,B0100,48.16446880082377,0.0,0.0,0.0,0.0,Friendly
62.6,A0200,AN/APG-68(V)9,TRACK,B0100,48.482107067099946,0.0,0.0,0.0,0.0,Friendly
62.6,B0100,N001VE,TRACK,A0100,48.59453417921164,-18.73511552111134,-1885.201261026016,0.34546012402867177,15133.055919010158,Enemy
62.6,B0100,N001VE,TRACK,A0200,48.9199421818285,-19.194174037114095,-884.7443040361817,0.3418806359998863,15311.003574489168,Enemy
62.6,B0200,N001VE,SEARCH,None,0.0,0.0,0.0,0.0,0.0,Enemy
62.800000000000004,A0100,AN/APG-68(V)9,TRACK,B0100,48.057174826342994,0.0,0.0,0.0,0.0,Friendly
62.800000000000004,A0200,AN/APG-68(V)9,TRACK,B0100,48.37301077554809,0.0,0.0,0.0,0.0,Friendly
62.800000000000004,B0100,N001VE,TRACK,A0200,48.37301077554809,-18.922336572974867,-946.176195740047,0.41115085991787453,15298.494941310097,Enemy
62.800000000000004,B0200,N001VE,SEARCH,None,0.0,0.0,0.0,0.0,0.0,Enemy
63.0,A0100,AN/APG-68(V)9,TRACK,B0100,47.950001128541295,0.0,0.0,0.0,0.0,Friendly
63.0,A0200,AN/APG-68(V)9,TRACK,B0100,48.26389412396202,0.0,0.0,0.0,0.0,Friendly
63.0,B0100,N001VE,TRACK,A0200,48.37301077554809,-18.922336572974867,-946.176195740047,0.3953373653056489,15298.494941310097,Enemy
63.0,B0200,N001VE,SEARCH,None,0.0,0.0,0.0,0.0,0.0,Enemy
63.2,A0100,AN/APG-68(V)9,TRACK,B0100,47.84292073015238,0.0,0.0,0.0,0.0,Friendly
63.2,A0200,AN/APG-68(V)9,TRACK,B0100,48.15478070596607,0.0,0.0,0.0,0.0,Friendly
63.2,B0100,N001VE,TRACK,A0200,48.37301077554809,-18.922336572974867,-946.176195740047,0.3795238706934227,15298.494941310097,Enemy
63.2,B0200,N001VE,SEARCH,None,0.0,0.0,0.0,0.0,0.0,Enemy
63.400000000000006,A0100,AN/APG-68(V)9,TRACK,B0100,47.736185509726674,0.0,0.0,0.0,0.0,Friendly
63.400000000000006,A0200,AN/APG-68(V)9,TRACK,B0100,48.045996449826866,0.0,0.0,0.0,0.0,Friendly
63.400000000000006,B0100,N001VE,TRACK,A0200,48.37301077554809,-18.922336572974867,-946.176195740047,0.3637103760811965,15298.494941310097,Enemy
63.400000000000006,B0200,N001VE,SEARCH,None,0.0,0.0,0.0,0.0,0.0,Enemy
63.6,A0100,AN/APG-68(V)9,TRACK,B0100,47.62982174484788,0.0,0.0,0.0,0.0,Friendly
63.6,A0200,AN/APG-68(V)9,TRACK,B0100,47.93761156993666,0.0,0.0,0.0,0.0,Friendly
63.6,B0100,N001VE,TRACK,A0200,48.37301077554809,-18.922336572974867,-946.176195740047,0.3478968814689709,15298.494941310097,Enemy
63.6,B0200,N001VE,SEARCH,None,0.0,0.0,0.0,0.0,0.0,Enemy
63.800000000000004,A0100,AN/APG-68(V)9,TRACK,B0100,47.52388319745349,0.0,0.0,0.0,0.0,Friendly
63.800000000000004,A0200,AN/APG-68(V)9,TRACK,B0100,47.82962633184929,0.0,0.0,0.0,0.0,Friendly
63.800000000000004,B0100,N001VE,TRACK,A0200,47.82962633184929,-18.64919297847908,-1011.5614011441239,0.4182148576859589,15285.569067346001,Enemy
63.800000000000004,B0200,N001VE,SEARCH,None,0.0,0.0,0.0,0.0,0.0,Enemy
64.0,A0100,AN/APG-68(V)9,TRACK,B0100,47.418378901863754,0.0,0.0,0.0,0.0,Friendly
64.0,A0200,AN/APG-68(V)9,TRACK,B0100,47.72200689101734,0.0,0.0,0.0,0.0,Friendly
64.0,B0100,N001VE,TRACK,A0200,47.82962633184929,-18.64919297847908,-1011.5614011441239,0.4021296708518839,15285.569067346001,Enemy
64.0,B0200,N001VE,SEARCH,None,0.0,0.0,0.0,0.0,0.0,Enemy
64.2,A0100,AN/APG-68(V)9,TRACK,B0100,47.31335374875714,0.0,0.0,0.0,0.0,Friendly
64.2,A0200,AN/APG-68(V)9,TRACK,B0100,47.614795395648194,0.0,0.0,0.0,0.0,Friendly
64.2,B0100,N001VE,TRACK,A0200,47.82962633184929,-18.64919297847908,-1011.5614011441239,0.3860444840178083,15285.569067346001,Enemy
64.2,B0200,N001VE,SEARCH,None,0.0,0.0,0.0,0.0,0.0,Enemy
64.4,A0100,AN/APG-68(V)9,TRACK,B0100,47.20898508468881,0.0,0.0,0.0,0.0,Friendly
64.4,A0200,AN/APG-68(V)9,TRACK,B0100,47.50824999653976,0.0,0.0,0.0,0.0,Friendly
64.4,B0100,N001VE,TRACK,A0200,47.82962633184929,-18.64919297847908,-1011.5614011441239,0.3699592971837327,15285.569067346001,Enemy
64.4,B0200,N001VE,SEARCH,None,0.0,0.0,0.0,0.0,0.0,Enemy
64.60000000000001,A0100,AN/APG-68(V)9,TRACK,B0100,47.10521472575688,0.0,0.0,0.0,0.0,Friendly
64.60000000000001,A0200,AN/APG-68(V)9,TRACK,B0100,47.40236471230232,0.0,0.0,0.0,0.0,Friendly
64.60000000000001,B0100,N001VE,TRACK,A0200,47.82962633184929,-18.64919297847908,-1011.5614011441239,0.35387411034965716,15285.569067346001,Enemy
64.60000000000001,B0200,N001VE,SEARCH,None,0.0,0.0,0.0,0.0,0.0,Enemy
64.8,A0100,AN/APG-68(V)9,TRACK,B0100,47.002045334870786,0.0,0.0,0.0,0.0,Friendly
64.8,A0200,AN/APG-68(V)9,TRACK,B0100,47.29715655196348,0.0,0.0,0.0,0.0,Friendly
64.8,B0100,N001VE,SEARCH,None,0.0,0.0,0.0,0.0,0.0,Enemy
64.8,B0200,N001VE,SEARCH,None,0.0,0.0,0.0,0.0,0.0,Enemy
65.0,A0100,AN/APG-68(V)9,TRACK,B0100,46.89951916762282,0.0,0.0,0.0,0.0,Friendly
65.0,A0200,AN/APG-68(V)9,TRACK,B0100,47.192450383623026,0.0,0.0,0.0,0.0,Friendly
65.0,B0100,N001VE,SEARCH,None,0.0,0.0,0.0,0.0,0.0,Enemy
65.0,B0200,N001VE,SEARCH,None,0.0,0.0,0.0,0.0,0.0,Enemy
65.2,A0100,AN/APG-68(V)9,TRACK,B0100,46.79753246059594,0.0,0.0,0.0,0.0,Friendly
65.2,A0200,AN/APG-68(V)9,TRACK,B0100,47.088214674749445,0.0,0.0,0.0,0.0,Friendly
65.2,B0100,N001VE,SEARCH,None,0.0,0.0,0.0,0.0,0.0,Enemy
65.2,B0200,N001VE,SEARCH,None,0.0,0.0,0.0,0.0,0.0,Enemy
65.4,A0100,AN/APG-68(V)9,TRACK,B0100,46.69610996560275,0.0,0.0,0.0,0.0,Friendly
65.4,A0200,AN/APG-68(V)9,TRACK,B0100,46.98453215789438,0.0,0.0,0.0,0.0,Friendly
65.4,B0100,N001VE,SEARCH,None,0.0,0.0,0.0,0.0,0.0,Enemy
65.4,B0200,N001VE,SEARCH,None,0.0,0.0,0.0,0.0,0.0,Enemy
65.60000000000001,A0100,AN/APG-68(V)9,TRACK,B0100,46.59503730834267,0.0,0.0,0.0,0.0,Friendly
65.60000000000001,A0200,AN/APG-68(V)9,TRACK,B0100,46.88121327611232,0.0,0.0,0.0,0.0,Friendly
65.60000000000001,B0100,N001VE,SEARCH,None,0.0,0.0,0.0,0.0,0.0,Enemy
65.60000000000001,B0200,N001VE,SEARCH,None,0.0,0.0,0.0,0.0,0.0,Enemy
65.8,A0100,AN/APG-68(V)9,TRACK,B0100,46.493837294842514,0.0,0.0,0.0,0.0,Friendly
65.8,A0200,AN/APG-68(V)9,TRACK,B0100,46.777809747118035,0.0,0.0,0.0,0.0,Friendly
65.8,B0100,N001VE,SEARCH,None,0.0,0.0,0.0,0.0,0.0,Enemy
65.8,B0200,N001VE,SEARCH,None,0.0,0.0,0.0,0.0,0.0,Enemy
66.0,A0100,AN/APG-68(V)9,TRACK,B0100,46.392432632448084,0.0,0.0,0.0,0.0,Friendly
66.0,A0200,AN/APG-68(V)9,TRACK,B0100,46.67412483927255,0.0,0.0,0.0,0.0,Friendly
66.0,B0100,N001VE,SEARCH,None,0.0,0.0,0.0,0.0,0.0,Enemy
66.0,B0200,N001VE,SEARCH,None,0.0,0.0,0.0,0.0,0.0,Enemy
66.2,A0100,AN/APG-68(V)9,TRACK,B0100,46.290810613623286,0.0,0.0,0.0,0.0,Friendly
66.2,A0200,AN/APG-68(V)9,TRACK,B0100,46.57012108915934,0.0,0.0,0.0,0.0,Friendly
66.2,B0100,N001VE,SEARCH,None,0.0,0.0,0.0,0.0,0.0,Enemy
66.2,B0200,N001VE,SEARCH,None,0.0,0.0,0.0,0.0,0.0,Enemy
66.4,A0100,AN/APG-68(V)9,TRACK,B0100,46.189145927350815,0.0,0.0,0.0,0.0,Friendly
66.4,A0200,AN/APG-68(V)9,TRACK,B0100,46.4659747431864,0.0,0.0,0.0,0.0,Friendly
66.4,B0100,N001VE,SEARCH,None,0.0,0.0,0.0,0.0,0.0,Enemy
66.4,B0200,N001VE,SEARCH,None,0.0,0.0,0.0,0.0,0.0,Enemy
66.60000000000001,A0100,AN/APG-68(V)9,TRACK,B0100,46.087521334269674,0.0,0.0,0.0,0.0,Friendly
66.60000000000001,A0200,AN/APG-68(V)9,TRACK,B0100,46.36197082019974,0.0,0.0,0.0,0.0,Friendly
66.60000000000001,B0100,N001VE,SEARCH,None,0.0,0.0,0.0,0.0,0.0,Enemy
66.60000000000001,B0200,N001VE,SEARCH,None,0.0,0.0,0.0,0.0,0.0,Enemy
66.8,A0100,AN/APG-68(V)9,TRACK,B0100,45.986122577289024,0.0,0.0,0.0,0.0,Friendly
66.8,A0200,AN/APG-68(V)9,TRACK,B0100,46.25822469812265,0.0,0.0,0.0,0.0,Friendly
66.8,B0100,N001VE,TRACK,A0100,45.986122577289024,-17.36708560710157,-2288.7731547360117,0.4421804064952429,15047.820699189617,Enemy
66.8,B0200,N001VE,TRACK,A0100,46.06064303675785,-17.3350391906065,-2497.5807370952575,0.4412116405221482,15009.073496450485,Enemy
66.8,B0200,N001VE,TRACK,A0200,46.30052700608901,-17.787905585648645,-1434.5793264484807,0.4380931489208431,15203.100207151718,Enemy
67.0,A0100,AN/APG-68(V)9,TRACK,B0100,45.88493849321106,0.0,0.0,0.0,0.0,Friendly
67.0,A0200,AN/APG-68(V)9,TRACK,B0100,46.15470081586456,0.0,0.0,0.0,0.0,Friendly
67.0,B0100,N001VE,TRACK,A0100,45.986122577289024,-17.36708560710157,-2288.7731547360117,0.4251734677838872,15047.820699189617,Enemy
67.0,B0200,N001VE,TRACK,A0100,46.06064303675785,-17.3350391906065,-2497.5807370952575,0.4242419620405269,15009.073496450485,Enemy
67.0,B0200,N001VE,TRACK,A0200,46.30052700608901,-17.787905585648645,-1434.5793264484807,0.4212434124238874,15203.100207151718,Enemy
67.2,A0100,AN/APG-68(V)9,TRACK,B0100,45.78393113382959,0.0,0.0,0.0,0.0,Friendly
67.2,A0200,AN/APG-68(V)9,TRACK,B0100,46.051316316836186,0.0,0.0,0.0,0.0,Friendly
67.2,B0100,N001VE,TRACK,A0100,45.986122577289024,-17.36708560710157,-2288.7731547360117,0.4081665290725315,15047.820699189617,Enemy
67.2,B0200,N001VE,TRACK,A0100,46.06064303675785,-17.3350391906065,-2497.5807370952575,0.40727228355890555,15009.073496450485,Enemy
67.2,B0200,N001VE,TRACK,A0200,46.30052700608901,-17.787905585648645,-1434.5793264484807,0.40439367592693165,15203.100207151718,Enemy
67.4,A0100,AN/APG-68(V)9,TRACK,B0100,45.683082501750214,0.0,0.0,0.0,0.0,Friendly
67.4,A0200,AN/APG-68(V)9,TRACK,B0100,45.947972139278676,0.0,0.0,0.0,0.0,Friendly
67.4,B0100,N001VE,TRACK,A0100,45.986122577289024,-17.36708560710157,-2288.7731547360117,0.3911595903611757,15047.820699189617,Enemy
67.4,B0200,N001VE,TRACK,A0100,46.06064303675785,-17.3350391906065,-2497.5807370952575,0.39030260507728426,15009.073496450485,Enemy
67.4,B0200,N001VE,TRACK,A0200,46.30052700608901,-17.787905585648645,-1434.5793264484807,0.3875439394299759,15203.100207151718,Enemy
67.60000000000001,A0100,AN/APG-68(V)9,TRACK,B0100,45.5823049223336,0.0,0.0,0.0,0.0,Friendly
67.60000000000001,A0200,AN/APG-68(V)9,TRACK,B0100,45.84464813043335,0.0,0.0,0.0,0.0,Friendly
67.60000000000001,B0100,N001VE,TRACK,A0100,45.986122577289024,-17.36708560710157,-2288.7731547360117,0.37415265164982003,15047.820699189617,Enemy
67.60000000000001,B0200,N001VE,TRACK,A0100,46.06064303675785,-17.3350391906065,-2497.5807370952575,0.373332926595663,15009.073496450485,Enemy
67.60000000000001,B0200,N001VE,TRACK,A0200,46.30052700608901,-17.787905585648645,-1434.5793264484807,0.37069420293302024,15203.100207151718,Enemy
67.8,A0100,AN/APG-68(V)9,TRACK,B0100,45.48150060312393,0.0,0.0,0.0,0.0,Friendly
67.8,A0200,AN/APG-68(V)9,TRACK,B0100,45.741401330753746,0.0,0.0,0.0,0.0,Friendly
67.8,B0100,N001VE,TRACK,A0100,45.48150060312393,-17.091989756377437,-2379.3180377757985,0.4487404921593891,15028.939815615047,Enemy
67.8,B0200,N001VE,SEARCH,None,0.0,0.0,0.0,0.0,0.0,Enemy
68.0,A0100,AN/APG-68(V)9,TRACK,B0100,45.38080490732286,0.0,0.0,0.0,0.0,Friendly
68.0,A0200,AN/APG-68(V)9,TRACK,B0100,45.63828422726332,0.0,0.0,0.0,0.0,Friendly
68.0,B0100,N001VE,SEARCH,None,0.0,0.0,0.0,0.0,0.0,Enemy
68.0,B0200,N001VE,SEARCH,None,0.0,0.0,0.0,0.0,0.0,Enemy
68.2,A0100,AN/APG-68(V)9,TRACK,B0100,45.28046932377925,0.0,0.0,0.0,0.0,Friendly
68.2,A0200,AN/APG-68(V)9,TRACK,B0100,45.53547354914533,0.0,0.0,0.0,0.0,Friendly
68.2,B0100,N001VE,SEARCH,None,0.0,0.0,0.0,0.0,0.0,Enemy
68.2,B0200,N001VE,SEARCH,None,0.0,0.0,0.0,0.0,0.0,Enemy
68.4,A0100,AN/APG-68(V)9,TRACK,B0100,45.18038525079542,0.0,0.0,0.0,0.0,Friendly
68.4,A0200,AN/APG-68(V)9,TRACK,B0100,45.43286971835271,0.0,0.0,0.0,0.0,Friendly
68.4,B0100,N001VE,SEARCH,None,0.0,0.0,0.0,0.0,0.0,Enemy
68.4,B0200,N001VE,SEARCH,None,0.0,0.0,0.0,0.0,0.0,Enemy
68.60000000000001,A0100,AN/APG-68(V)9,TRACK,B0100,45.080548175810165,0.0,0.0,0.0,0.0,Friendly
68.60000000000001,A0200,AN/APG-68(V)9,TRACK,B0100,45.33036764922335,0.0,0.0,0.0,0.0,Friendly
68.60000000000001,B0100,N001VE,SEARCH,None,0.0,0.0,0.0,0.0,0.0,Enemy
68.60000000000001,B0200,N001VE,SEARCH,None,0.0,0.0,0.0,0.0,0.0,Enemy
68.8,A0100,AN/APG-68(V)9,LOCK,B0100,44.98087795865505,0.0,0.0,0.0,0.0,Friendly
68.8,A0200,AN/APG-68(V)9,TRACK,B0100,45.22795755138616,0.0,0.0,0.0,0.0,Friendly
68.8,B0100,N001VE,SEARCH,None,0.0,0.0,0.0,0.0,0.0,Enemy
68.8,B0200,N001VE,TRACK,A0100,45.061888680724344,-16.785902834065507,-2675.7438873666283,0.45419544715058363,14969.862174311364,Enemy
69.0,A0100,AN/APG-68(V)9,LOCK,B0100,44.88125740823277,0.0,0.0,0.0,0.0,Friendly
69.0,A0200,AN/APG-68(V)9,TRACK,B0100,45.125693478580885,0.0,0.0,0.0,0.0,Friendly
69.0,B0100,N001VE,SEARCH,None,0.0,0.0,0.0,0.0,0.0,Enemy
69.0,B0200,N001VE,TRACK,A0100,45.061888680724344,-16.785902834065507,-2675.7438873666283,0.4367263914909456,14969.862174311364,Enemy
69.2,A0100,AN/APG-68(V)9,LOCK,B0100,44.781678166534704,0.0,0.0,0.0,0.0,Friendly
69.2,A0200,AN/APG-68(V)9,TRACK,B0100,45.0234812043031,0.0,0.0,0.0,0.0,Friendly
69.2,B0100,N001VE,SEARCH,None,0.0,0.0,0.0,0.0,0.0,Enemy
69.2,B0200,N001VE,TRACK,A0100,45.061888680724344,-16.785902834065507,-2675.7438873666283,0.41925733583130753,14969.862174311364,Enemy
69.4,A0100,AN/APG-68(V)9,LOCK,B0100,44.68235237341968,0.0,0.0,0.0,0.0,Friendly
69.4,A0200,AN/APG-68(V)9,LOCK,B0100,44.92140927226678,0.0,0.0,0.0,0.0,Friendly
69.4,B0100,N001VE,SEARCH,None,0.0,0.0,0.0,0.0,0.0,Enemy
69.4,B0200,N001VE,TRACK,A0100,45.061888680724344,-16.785902834065507,-2675.7438873666283,0.40178828017166945,14969.862174311364,Enemy
69.60000000000001,A0100,AN/APG-68(V)9,LOCK,B0100,44.58337502016791,0.0,0.0,0.0,0.0,Friendly
69.60000000000001,A0200,AN/APG-68(V)9,LOCK,B0100,44.81959312704867,0.0,0.0,0.0,0.0,Friendly
69.60000000000001,B0100,N001VE,SEARCH,None,0.0,0.0,0.0,0.0,0.0,Enemy
69.60000000000001,B0200,N001VE,TRACK,A0100,45.061888680724344,-16.785902834065507,-2675.7438873666283,0.38431922451203143,14969.862174311364,Enemy
69.8,A0100,AN/APG-68(V)9,LOCK,B0100,44.484637475077044,0.0,0.0,0.0,0.0,Friendly
69.8,A0200,AN/APG-68(V)9,LOCK,B0100,44.71801849109932,0.0,0.0,0.0,0.0,Friendly
69.8,B0100,N001VE,TRACK,A0100,44.484637475077044,-16.5379670895806,-2559.3432353070007,0.4616997128239987,14989.206813396026,Enemy
69.8,B0100,N001VE,TRACK,A0200,44.71801849109932,-17.008565209181395,-1461.3601192497408,0.45866575961570905,15193.386165908627,Enemy
69.8,B0200,N001VE,SEARCH,None,0.0,0.0,0.0,0.0,0.0,Enemy
70.0,A0100,AN/APG-68(V)9,LOCK,B0100,44.386087063965086,0.0,0.0,0.0,0.0,Friendly
70.0,A0200,AN/APG-68(V)9,LOCK,B0100,44.61667251542558,0.0,0.0,0.0,0.0,Friendly
70.0,B0100,N001VE,TRACK,A0100,44.484637475077044,-16.5379670895806,-2559.3432353070007,0.443942031561537,14989.206813396026,Enemy
70.0,B0100,N001VE,TRACK,A0200,44.71801849109932,-17.008565209181395,-1461.3601192497408,0.4410247688612585,15193.386165908627,Enemy
70.0,B0200,N001VE,SEARCH,None,0.0,0.0,0.0,0.0,0.0,Enemy
70.2,A0100,AN/APG-68(V)9,LOCK,B0100,44.2876994036005,0.0,0.0,0.0,0.0,Friendly
70.2,A0200,AN/APG-68(V)9,LOCK,B0100,44.51552763055761,0.0,0.0,0.0,0.0,Friendly
70.2,B0100,N001VE,TRACK,A0100,44.484637475077044,-16.5379670895806,-2559.3432353070007,0.42618435029907525,14989.206813396026,Enemy
70.2,B0200,N001VE,SEARCH,None,0.0,0.0,0.0,0.0,0.0,Enemy
70.4,A0100,AN/APG-68(V)9,LOCK,B0100,44.18953244214949,0.0,0.0,0.0,0.0,Friendly
70.4,A0200,AN/APG-68(V)9,LOCK,B0100,44.41446396943075,0.0,0.0,0.0,0.0,Friendly
70.4,B0100,N001VE,TRACK,A0100,44.484637475077044,-16.5379670895806,-2559.3432353070007,0.4084266690366135,14989.206813396026,Enemy
70.4,B0200,N001VE,SEARCH,None,0.0,0.0,0.0,0.0,0.0,Enemy
70.60000000000001,A0100,AN/APG-68(V)9,LOCK,B0100,44.09151639925663,0.0,0.0,0.0,0.0,Friendly
70.60000000000001,A0200,AN/APG-68(V)9,LOCK,B0100,44.31342507480424,0.0,0.0,0.0,0.0,Friendly
70.60000000000001,B0100,N001VE,TRACK,A0100,44.484637475077044,-16.5379670895806,-2559.3432353070007,0.3906689877741518,14989.206813396026,Enemy
70.60000000000001,B0200,N001VE,SEARCH,None,0.0,0.0,0.0,0.0,0.0,Enemy
70.8,A0100,AN/APG-68(V)9,LOCK,B0100,43.993804238665405,0.0,0.0,0.0,0.0,Friendly
70.8,A0200,AN/APG-68(V)9,LOCK,B0100,44.21266206977911,0.0,0.0,0.0,0.0,Friendly
70.8,B0100,N001VE,TRACK,A0100,43.993804238665405,-16.259708655834274,-2650.936356764566,0.4680805448973499,14968.331896720822,Enemy
70.8,B0100,N001VE,TRACK,A0200,44.21266206977911,-16.730317372110687,-1544.0121722400404,0.4652353930928719,15176.038871939401,Enemy
70.8,B0200,N001VE,SEARCH,None,0.0,0.0,0.0,0.0,0.0,Enemy
71.0,A0100,AN/APG-68(V)9,LOCK,B0100,43.89642721414463,0.0,0.0,0.0,0.0,Friendly
71.0,A0200,AN/APG-68(V)9,LOCK,B0100,44.1122718700443,0.0,0.0,0.0,0.0,Friendly
71.0,B0100,N001VE,TRACK,A0100,43.993804238665405,-16.259708655834274,-2650.936356764566,0.4500774470166824,14968.331896720822,Enemy
71.0,B0100,N001VE,TRACK,A0200,44.21266206977911,-16.730317372110687,-1544.0121722400404,0.4473417241277612,15176.038871939401,Enemy
71.0,B0200,N001VE,SEARCH,None,0.0,0.0,0.0,0.0,0.0,Enemy
71.2,A0100,AN/APG-68(V)9,LOCK,B0100,43.79932260498234,0.0,0.0,0.0,0.0,Friendly
71.2,A0200,AN/APG-68(V)9,LOCK,B0100,44.01214802882392,0.0,0.0,0.0,0.0,Friendly
71.2,B0100,N001VE,TRACK,A0100,43.993804238665405,-16.259708655834274,-2650.936356764566,0.43207434913601483,14968.331896720822,Enemy
71.2,B0100,N001VE,TRACK,A0200,44.21266206977911,-16.730317372110687,-1544.0121722400404,0.4294480551626505,15176.038871939401,Enemy
71.2,B0200,N001VE,SEARCH,None,0.0,0.0,0.0,0.0,0.0,Enemy
71.4,A0100,AN/APG-68(V)9,LOCK,B0100,43.702556226757444,0.0,0.0,0.0,0.0,Friendly
71.4,A0200,AN/APG-68(V)9,LOCK,B0100,43.91220939132678,0.0,0.0,0.0,0.0,Friendly
71.4,B0100,N001VE,TRACK,A0100,43.993804238665405,-16.259708655834274,-2650.936356764566,0.4140712512553473,14968.331896720822,Enemy
71.4,B0100,N001VE,TRACK,A0200,44.21266206977911,-16.730317372110687,-1544.0121722400404,0.41155438619753976,15176.038871939401,Enemy
71.4,B0200,N001VE,SEARCH,None,0.0,0.0,0.0,0.0,0.0,Enemy
71.60000000000001,A0100,AN/APG-68(V)9,LOCK,B0100,43.606031641277134,0.0,0.0,0.0,0.0,Friendly
71.60000000000001,A0200,AN/APG-68(V)9,LOCK,B0100,43.81245047281752,0.0,0.0,0.0,0.0,Friendly
71.60000000000001,B0100,N001VE,TRACK,A0100,43.993804238665405,-16.259708655834274,-2650.936356764566,0.39606815337467977,14968.331896720822,Enemy
71.60000000000001,B0100,N001VE,TRACK,A0200,44.21266206977911,-16.730317372110687,-1544.0121722400404,0.3936607172324291,15176.038871939401,Enemy
71.60000000000001,B0200,N001VE,SEARCH,None,0.0,0.0,0.0,0.0,0.0,Enemy
71.8,A0100,AN/APG-68(V)9,LOCK,B0100,43.50966664102031,0.0,0.0,0.0,0.0,Friendly
71.8,A0200,AN/APG-68(V)9,LOCK,B0100,43.71292823330841,0.0,0.0,0.0,0.0,Friendly
71.8,B0100,N001VE,TRACK,A0100,43.50966664102031,-15.981441681426052,-2750.683500914342,0.4743743336667362,14946.775660262354,Enemy
71.8,B0100,N001VE,TRACK,A0200,43.71292823330841,-16.451450029051124,-1629.0967853894642,0.47173193296699084,15158.034611225952,Enemy
71.8,B0200,N001VE,SEARCH,None,0.0,0.0,0.0,0.0,0.0,Enemy
72.0,A0100,AN/APG-68(V)9,LOCK,B0100,43.41343192465027,0.0,0.0,0.0,0.0,Friendly
72.0,A0200,AN/APG-68(V)9,LOCK,B0100,43.61356042113214,0.0,0.0,0.0,0.0,Friendly
72.0,B0100,N001VE,TRACK,A0100,43.50966664102031,-15.981441681426052,-2750.683500914342,0.45612916698724615,14946.775660262354,Enemy
72.0,B0100,N001VE,TRACK,A0200,43.71292823330841,-16.451450029051124,-1629.0967853894642,0.45358839708364485,15158.034611225952,Enemy
72.0,B0200,N001VE,SEARCH,None,0.0,0.0,0.0,0.0,0.0,Enemy
72.2,A0100,AN/APG-68(V)9,LOCK,B0100,43.31745719147717,0.0,0.0,0.0,0.0,Friendly
72.2,A0200,AN/APG-68(V)9,LOCK,B0100,43.514498056375885,0.0,0.0,0.0,0.0,Friendly
72.2,B0100,N001VE,TRACK,A0100,43.50966664102031,-15.981441681426052,-2750.683500914342,0.43788400030775604,14946.775660262354,Enemy
72.2,B0100,N001VE,TRACK,A0200,43.71292823330841,-16.451450029051124,-1629.0967853894642,0.4354448612002988,15158.034611225952,Enemy
72.2,B0200,N001VE,SEARCH,None,0.0,0.0,0.0,0.0,0.0,Enemy
72.4,A0100,AN/APG-68(V)9,LOCK,B0100,43.22196899816541,0.0,0.0,0.0,0.0,Friendly
72.4,A0200,AN/APG-68(V)9,LOCK,B0100,43.41581910460762,0.0,0.0,0.0,0.0,Friendly
72.4,B0100,N001VE,TRACK,A0100,43.50966664102031,-15.981441681426052,-2750.683500914342,0.41963883362826593,14946.775660262354,Enemy
72.4,B0100,N001VE,TRACK,A0200,43.71292823330841,-16.451450029051124,-1629.0967853894642,0.41730132531695274,15158.034611225952,Enemy
72.4,B0200,N001VE,SEARCH,None,0.0,0.0,0.0,0.0,0.0,Enemy
72.60000000000001,A0100,AN/APG-68(V)9,LOCK,B0100,43.12683963379759,0.0,0.0,0.0,0.0,Friendly
72.60000000000001,A0200,AN/APG-68(V)9,LOCK,B0100,43.317363783228465,0.0,0.0,0.0,0.0,Friendly
72.60000000000001,B0100,N001VE,TRACK,A0200,43.71292823330841,-16.451450029051124,-1629.0967853894642,0.3991577894336067,15158.034611225952,Enemy
72.60000000000001,B0200,N001VE,SEARCH,None,0.0,0.0,0.0,0.0,0.0,Enemy
72.8,A0100,AN/APG-68(V)9,LOCK,B0100,43.03207773244726,0.0,0.0,0.0,0.0,Friendly
72.8,A0200,AN/APG-68(V)9,LOCK,B0100,43.21913564359959,0.0,0.0,0.0,0.0,Friendly
72.8,B0100,N001VE,SEARCH,None,0.0,0.0,0.0,0.0,0.0,Enemy
72.8,B0200,N001VE,TRACK,A0100,43.12736810941646,-15.679280104251148,-3058.446697270587,0.4793442145775863,14883.395230768703,Enemy
73.0,A0100,AN/APG-68(V)9,LOCK,B0100,42.93754025454169,0.0,0.0,0.0,0.0,Friendly
73.0,A0200,AN/APG-68(V)9,LOCK,B0100,43.12122495812826,0.0,0.0,0.0,0.0,Friendly
73.0,B0100,N001VE,SEARCH,None,0.0,0.0,0.0,0.0,0.0,Enemy
73.0,B0200,N001VE,TRACK,A0100,43.12736810941646,-15.679280104251148,-3058.446697270587,0.4609078986322943,14883.395230768703,Enemy
73.2,A0100,AN/APG-68(V)9,LOCK,B0100,42.84317874392614,0.0,0.0,0.0,0.0,Friendly
73.2,A0200,AN/APG-68(V)9,LOCK,B0100,43.02354831600225,0.0,0.0,0.0,0.0,Friendly
73.2,B0100,N001VE,SEARCH,None,0.0,0.0,0.0,0.0,0.0,Enemy
73.2,B0200,N001VE,TRACK,A0100,43.12736810941646,-15.679280104251148,-3058.446697270587,0.44247158268700226,14883.395230768703,Enemy
73.4,A0100,AN/APG-68(V)9,LOCK,B0100,42.7490221356513,0.0,0.0,0.0,0.0,Friendly
73.4,A0200,AN/APG-68(V)9,LOCK,B0100,42.9260956895622,0.0,0.0,0.0,0.0,Friendly
73.4,B0100,N001VE,SEARCH,None,0.0,0.0,0.0,0.0,0.0,Enemy
73.4,B0200,N001VE,TRACK,A0100,43.12736810941646,-15.679280104251148,-3058.446697270587,0.4240352667417102,14883.395230768703,Enemy
73.60000000000001,A0100,AN/APG-68(V)9,LOCK,B0100,42.655176588322256,0.0,0.0,0.0,0.0,Friendly
73.60000000000001,A0200,AN/APG-68(V)9,LOCK,B0100,42.82884758753463,0.0,0.0,0.0,0.0,Friendly
73.60000000000001,B0100,N001VE,SEARCH,None,0.0,0.0,0.0,0.0,0.0,Enemy
73.60000000000001,B0200,N001VE,TRACK,A0100,43.12736810941646,-15.679280104251148,-3058.446697270587,0.4055989507964182,14883.395230768703,Enemy
73.8,A0100,AN/APG-68(V)9,LOCK,B0100,42.56157421538852,0.0,0.0,0.0,0.0,Friendly
73.8,A0200,AN/APG-68(V)9,LOCK,B0100,42.73173397078229,0.0,0.0,0.0,0.0,Friendly
73.8,B0100,N001VE,SEARCH,None,0.0,0.0,0.0,0.0,0.0,Enemy
73.8,B0200,N001VE,TRACK,A0100,42.660701278241675,-15.40297795010867,-3162.799243334458,0.4854108833828585,14860.112027371157,Enemy
74.0,A0100,AN/APG-68(V)9,LOCK,B0100,42.46810530076061,0.0,0.0,0.0,0.0,Friendly
74.0,A0200,AN/APG-68(V)9,LOCK,B0100,42.63476647837538,0.0,0.0,0.0,0.0,Friendly
74.0,B0100,N001VE,SEARCH,None,0.0,0.0,0.0,0.0,0.0,Enemy
74.0,B0200,N001VE,TRACK,A0100,42.660701278241675,-15.40297795010867,-3162.799243334458,0.4667412340219791,14860.112027371157,Enemy
74.2,A0100,AN/APG-68(V)9,LOCK,B0100,42.3747172990522,0.0,0.0,0.0,0.0,Friendly
74.2,A0200,AN/APG-68(V)9,LOCK,B0100,42.537942925083804,0.0,0.0,0.0,0.0,Friendly
74.2,B0100,N001VE,SEARCH,None,0.0,0.0,0.0,0.0,0.0,Enemy
74.2,B0200,N001VE,TRACK,A0100,42.660701278241675,-15.40297795010867,-3162.799243334458,0.44807158466109964,14860.112027371157,Enemy
74.4,A0100,AN/APG-68(V)9,LOCK,B0100,42.281662786246635,0.0,0.0,0.0,0.0,Friendly
74.4,A0200,AN/APG-68(V)9,LOCK,B0100,42.441405849385774,0.0,0.0,0.0,0.0,Friendly
74.4,B0100,N001VE,SEARCH,None,0.0,0.0,0.0,0.0,0.0,Enemy
74.4,B0200,N001VE,TRACK,A0100,42.660701278241675,-15.40297795010867,-3162.799243334458,0.4294019353002202,14860.112027371157,Enemy
74.60000000000001,A0100,AN/APG-68(V)9,LOCK,B0100,42.189081144542115,0.0,0.0,0.0,0.0,Friendly
74.60000000000001,A0200,AN/APG-68(V)9,LOCK,B0100,42.345250598943224,0.0,0.0,0.0,0.0,Friendly
74.60000000000001,B0100,N001VE,SEARCH,None,0.0,0.0,0.0,0.0,0.0,Enemy
74.60000000000001,B0200,N001VE,TRACK,A0100,42.660701278241675,-15.40297795010867,-3162.799243334458,0.4107322859393408,14860.112027371157,Enemy
74.8,A0100,AN/APG-68(V)9,LOCK,B0100,42.09667835180325,0.0,0.0,0.0,0.0,Friendly
74.8,A0200,AN/APG-68(V)9,LOCK,B0100,42.24926699675092,0.0,0.0,0.0,0.0,Friendly
74.8,B0100,N001VE,TRACK,A0200,42.24926699675092,-15.612410422035513,-1904.649849387057,0.49075952904223824,15100.140302879454,Enemy
74.8,B0200,N001VE,SEARCH,None,0.0,0.0,0.0,0.0,0.0,Enemy
75.0,A0100,AN/APG-68(V)9,LOCK,B0100,42.00422862549189,0.0,0.0,0.0,0.0,Friendly
75.0,A0200,AN/APG-68(V)9,LOCK,B0100,42.15325527732324,0.0,0.0,0.0,0.0,Friendly
75.0,B0100,N001VE,TRACK,A0200,42.24926699675092,-15.612410422035513,-1904.649849387057,0.4718841625406135,15100.140302879454,Enemy
75.0,B0200,N001VE,SEARCH,None,0.0,0.0,0.0,0.0,0.0,Enemy
75.2,A0100,AN/APG-68(V)9,LOCK,B0100,41.91177663288656,0.0,0.0,0.0,0.0,Friendly
75.2,A0200,AN/APG-68(V)9,LOCK,B0100,42.05729677338774,0.0,0.0,0.0,0.0,Friendly
75.2,B0100,N001VE,TRACK,A0200,42.24926699675092,-15.612410422035513,-1904.649849387057,0.4530087960389887,15100.140302879454,Enemy
75.2,B0200,N001VE,SEARCH,None,0.0,0.0,0.0,0.0,0.0,Enemy
75.4,A0100,AN/APG-68(V)9,LOCK,B0100,41.81936466644716,0.0,0.0,0.0,0.0,Friendly
75.4,A0200,AN/APG-68(V)9,LOCK,B0100,41.96133401296025,0.0,0.0,0.0,0.0,Friendly
75.4,B0100,N001VE,TRACK,A0200,42.24926699675092,-15.612410422035513,-1904.649849387057,0.43413342953736384,15100.140302879454,Enemy
75.4,B0200,N001VE,SEARCH,None,0.0,0.0,0.0,0.0,0.0,Enemy
75.60000000000001,A0100,AN/APG-68(V)9,LOCK,B0100,41.72710253687186,0.0,0.0,0.0,0.0,Friendly
75.60000000000001,A0200,AN/APG-68(V)9,LOCK,B0100,41.86553478957272,0.0,0.0,0.0,0.0,Friendly
75.60000000000001,B0100,N001VE,TRACK,A0200,42.24926699675092,-15.612410422035513,-1904.649849387057,0.4152580630357391,15100.140302879454,Enemy
75.60000000000001,B0200,N001VE,SEARCH,None,0.0,0.0,0.0,0.0,0.0,Enemy
75.8,A0100,AN/APG-68(V)9,LOCK,B0100,41.63527596959216,0.0,0.0,0.0,0.0,Friendly
75.8,A0200,AN/APG-68(V)9,LOCK,B0100,41.770068660023625,0.0,0.0,0.0,0.0,Friendly
75.8,B0100,N001VE,SEARCH,None,0.0,0.0,0.0,0.0,0.0,Enemy
75.8,B0200,N001VE,SEARCH,None,0.0,0.0,0.0,0.0,0.0,Enemy
76.0,A0100,AN/APG-68(V)9,LOCK,B0100,41.54399394461157,0.0,0.0,0.0,0.0,Friendly
76.0,A0200,AN/APG-68(V)9,LOCK,B0100,41.67495817316142,0.0,0.0,0.0,0.0,Friendly
76.0,B0100,N001VE,SEARCH,None,0.0,0.0,0.0,0.0,0.0,Enemy
76.0,B0200,N001VE,SEARCH,None,0.0,0.0,0.0,0.0,0.0,Enemy
76.2,A0100,AN/APG-68(V)9,LOCK,B0100,41.45292342184905,0.0,0.0,0.0,0.0,Friendly
76.2,A0200,AN/APG-68(V)9,LOCK,B0100,41.57993777227959,0.0,0.0,0.0,0.0,Friendly
76.2,B0100,N001VE,SEARCH,None,0.0,0.0,0.0,0.0,0.0,Enemy
76.2,B0200,N001VE,SEARCH,None,0.0,0.0,0.0,0.0,0.0,Enemy
76.4,A0100,AN/APG-68(V)9,LOCK,B0100,41.36180981975157,0.0,0.0,0.0,0.0,Friendly
76.4,A0200,AN/APG-68(V)9,LOCK,B0100,41.4849108474835,0.0,0.0,0.0,0.0,Friendly
76.4,B0100,N001VE,SEARCH,None,0.0,0.0,0.0,0.0,0.0,Enemy
76.4,B0200,N001VE,SEARCH,None,0.0,0.0,0.0,0.0,0.0,Enemy
76.60000000000001,A0100,AN/APG-68(V)9,LOCK,B0100,41.27071748344786,0.0,0.0,0.0,0.0,Friendly
76.60000000000001,A0200,AN/APG-68(V)9,LOCK,B0100,41.38990200220438,0.0,0.0,0.0,0.0,Friendly
76.60000000000001,B0100,N001VE,SEARCH,None,0.0,0.0,0.0,0.0,0.0,Enemy
76.60000000000001,B0200,N001VE,SEARCH,None,0.0,0.0,0.0,0.0,0.0,Enemy
76.80000000000001,A0100,AN/APG-68(V)9,LOCK,B0100,41.17990529730623,0.0,0.0,0.0,0.0,Friendly
76.80000000000001,A0200,AN/APG-68(V)9,LOCK,B0100,41.29519649685175,0.0,0.0,0.0,0.0,Friendly
76.80000000000001,B0100,N001VE,TRACK,A0200,41.29519649685175,-15.048019697384799,-2090.7626820209202,0.5031624455409262,15058.77388954895,Enemy
76.80000000000001,B0200,N001VE,TRACK,A0200,41.36865544412168,-15.010860837568373,-2309.08424987778,0.5022074792264171,15015.584613824269,Enemy
77.0,A0100,AN/APG-68(V)9,LOCK,B0100,41.08964067039268,0.0,0.0,0.0,0.0,Friendly
77.0,A0200,AN/APG-68(V)9,LOCK,B0100,41.20093143424275,0.0,0.0,0.0,0.0,Friendly
77.0,B0100,N001VE,TRACK,A0200,41.29519649685175,-15.048019697384799,-2090.7626820209202,0.4838100437893531,15058.77388954895,Enemy
77.0,B0200,N001VE,TRACK,A0200,41.36865544412168,-15.010860837568373,-2309.08424987778,0.482891806948479,15015.584613824269,Enemy
77.2,A0100,AN/APG-68(V)9,LOCK,B0100,40.99996946057464,0.0,0.0,0.0,0.0,Friendly
77.2,A0200,AN/APG-68(V)9,LOCK,B0100,41.10705710988424,0.0,0.0,0.0,0.0,Friendly
77.2,B0100,N001VE,TRACK,A0200,41.29519649685175,-15.048019697384799,-2090.7626820209202,0.4644576420377787,15058.77388954895,Enemy
77.2,B0200,N001VE,TRACK,A0200,41.36865544412168,-15.010860837568373,-2309.08424987778,0.46357613467053954,15015.584613824269,Enemy
77.4,A0100,AN/APG-68(V)9,LOCK,B0100,40.910784186126016,0.0,0.0,0.0,0.0,Friendly
77.4,A0200,AN/APG-68(V)9,LOCK,B0100,41.0135037231384,0.0,0.0,0.0,0.0,Friendly
77.4,B0100,N001VE,TRACK,A0200,41.29519649685175,-15.048019697384799,-2090.7626820209202,0.4451052402862043,15058.77388954895,Enemy
77.4,B0200,N001VE,TRACK,A0200,41.36865544412168,-15.010860837568373,-2309.08424987778,0.4442604623926001,15015.584613824269,Enemy
77.60000000000001,A0100,AN/APG-68(V)9,LOCK,B0100,40.82215154871121,0.0,0.0,0.0,0.0,Friendly
77.60000000000001,A0200,AN/APG-68(V)9,LOCK,B0100,40.92038400367316,0.0,0.0,0.0,0.0,Friendly
77.60000000000001,B0100,N001VE,TRACK,A0200,41.29519649685175,-15.048019697384799,-2090.7626820209202,0.4257528385346299,15058.77388954895,Enemy
77.60000000000001,B0200,N001VE,TRACK,A0200,41.36865544412168,-15.010860837568373,-2309.08424987778,0.42494479011466074,15015.584613824269,Enemy
77.80000000000001,A0100,AN/APG-68(V)9,LOCK,B0100,40.73426899618346,0.0,0.0,0.0,0.0,Friendly
77.80000000000001,A0200,AN/APG-68(V)9,LOCK,B0100,40.82801549761748,0.0,0.0,0.0,0.0,Friendly
77.80000000000001,B0100,N001VE,SEARCH,None,0.0,0.0,0.0,0.0,0.0,Enemy
77.80000000000001,B0200,N001VE,SEARCH,None,0.0,0.0,0.0,0.0,0.0,Enemy
78.0,A0100,AN/APG-68(V)9,LOCK,B0100,40.647079893038345,0.0,0.0,0.0,0.0,Friendly
78.0,A0200,AN/APG-68(V)9,LOCK,B0100,40.73634533146213,0.0,0.0,0.0,0.0,Friendly
78.0,B0100,N001VE,SEARCH,None,0.0,0.0,0.0,0.0,0.0,Enemy
78.0,B0200,N001VE,SEARCH,None,0.0,0.0,0.0,0.0,0.0,Enemy
78.2,A0100,AN/APG-68(V)9,LOCK,B0100,40.56057099688233,0.0,0.0,0.0,0.0,Friendly
78.2,A0200,AN/APG-68(V)9,LOCK,B0100,40.6453344054441,0.0,0.0,0.0,0.0,Friendly
78.2,B0100,N001VE,SEARCH,None,0.0,0.0,0.0,0.0,0.0,Enemy
78.2,B0200,N001VE,SEARCH,None,0.0,0.0,0.0,0.0,0.0,Enemy
78.4,A0100,AN/APG-68(V)9,LOCK,B0100,40.47479454650114,0.0,0.0,0.0,0.0,Friendly
78.4,A0200,AN/APG-68(V)9,LOCK,B0100,40.554908742932746,0.0,0.0,0.0,0.0,Friendly
78.4,B0100,N001VE,SEARCH,None,0.0,0.0,0.0,0.0,0.0,Enemy
78.4,B0200,N001VE,SEARCH,None,0.0,0.0,0.0,0.0,0.0,Enemy
78.60000000000001,A0100,AN/APG-68(V)9,LOCK,B0100,40.38976748931931,0.0,0.0,0.0,0.0,Friendly
78.60000000000001,A0200,AN/APG-68(V)9,LOCK,B0100,40.465090462018416,0.0,0.0,0.0,0.0,Friendly
78.60000000000001,B0100,N001VE,SEARCH,None,0.0,0.0,0.0,0.0,0.0,Enemy
78.60000000000001,B0200,N001VE,SEARCH,None,0.0,0.0,0.0,0.0,0.0,Enemy
78.80000000000001,A0100,AN/APG-68(V)9,LOCK,B0100,40.30526800275579,0.0,0.0,0.0,0.0,Friendly
78.80000000000001,A0200,AN/APG-68(V)9,LOCK,B0100,40.37567309407771,0.0,0.0,0.0,0.0,Friendly
78.80000000000001,B0100,N001VE,SEARCH,None,0.0,0.0,0.0,0.0,0.0,Enemy
78.80000000000001,B0200,N001VE,TRACK,A0200,40.45673402166643,-14.452342895988032,-2522.432576120247,0.5140624577183354,14969.689331359825,Enemy
79.0,A0100,AN/APG-68(V)9,LOCK,B0100,40.22064455777386,0.0,0.0,0.0,0.0,Friendly
79.0,A0200,AN/APG-68(V)9,LOCK,B0100,40.286173470569295,0.0,0.0,0.0,0.0,Friendly
79.0,B0100,N001VE,SEARCH,None,0.0,0.0,0.0,0.0,0.0,Enemy
79.0,B0200,N001VE,TRACK,A0200,40.45673402166643,-14.452342895988032,-2522.432576120247,0.49429082472916963,14969.689331359825,Enemy
79.2,A0100,AN/APG-68(V)9,LOCK,B0100,40.135625409362504,0.0,0.0,0.0,0.0,Friendly
79.2,A0200,AN/APG-68(V)9,LOCK,B0100,40.196316301591686,0.0,0.0,0.0,0.0,Friendly
79.2,B0100,N001VE,SEARCH,None,0.0,0.0,0.0,0.0,0.0,Enemy
79.2,B0200,N001VE,TRACK,A0200,40.45673402166643,-14.452342895988032,-2522.432576120247,0.47451919174000257,14969.689331359825,Enemy
79.4,A0100,AN/APG-68(V)9,LOCK,B0100,40.05040160915196,0.0,0.0,0.0,0.0,Friendly
79.4,A0200,AN/APG-68(V)9,LOCK,B0100,40.10622910262357,0.0,0.0,0.0,0.0,Friendly
79.4,B0100,N001VE,SEARCH,None,0.0,0.0,0.0,0.0,0.0,Enemy
79.4,B0200,N001VE,TRACK,A0200,40.45673402166643,-14.452342895988032,-2522.432576120247,0.4547475587508355,14969.689331359825,Enemy
79.60000000000001,A0100,AN/APG-68(V)9,LOCK,B0100,39.96521146773422,0.0,0.0,0.0,0.0,Friendly
79.60000000000001,A0200,AN/APG-68(V)9,LOCK,B0100,40.01609274468101,0.0,0.0,0.0,0.0,Friendly
79.60000000000001,B0100,N001VE,SEARCH,None,0.0,0.0,0.0,0.0,0.0,Enemy
79.60000000000001,B0200,N001VE,TRACK,A0200,40.45673402166643,-14.452342895988032,-2522.432576120247,0.43497592576166844,14969.689331359825,Enemy
79.80000000000001,A0100,AN/APG-68(V)9,LOCK,B0100,39.880354590843005,0.0,0.0,0.0,0.0,Friendly
79.80000000000001,A0200,AN/APG-68(V)9,LOCK,B0100,39.92606061244876,0.0,0.0,0.0,0.0,Friendly
79.80000000000001,B0100,N001VE,TRACK,A0100,39.880354590843005,-13.762532480340283,-3571.5949486360173,0.5215553903190399,14750.303730206686,Enemy
79.80000000000001,B0100,N001VE,TRACK,A0200,39.92606061244876,-14.205728493205301,-2410.282324786656,0.520961212038165,14990.216850120634,Enemy
79.80000000000001,B0200,N001VE,SEARCH,None,0.0,0.0,0.0,0.0,0.0,Enemy
80.0,A0100,AN/APG-68(V)9,LOCK,B0100,39.79590833068897,0.0,0.0,0.0,0.0,Friendly
80.0,A0200,AN/APG-68(V)9,LOCK,B0100,39.83615237332688,0.0,0.0,0.0,0.0,Friendly
80.0,B0100,N001VE,TRACK,A0100,39.880354590843005,-13.762532480340283,-3571.5949486360173,0.5014955676144625,14750.303730206686,Enemy
80.0,B0100,N001VE,TRACK,A0200,39.92606061244876,-14.205728493205301,-2410.282324786656,0.5009242423443905,14990.216850120634,Enemy
80.0,B0200,N001VE,SEARCH,None,0.0,0.0,0.0,0.0,0.0,Enemy
80.2,A0100,AN/APG-68(V)9,LOCK,B0100,39.7119792903811,0.0,0.0,0.0,0.0,Friendly
80.2,A0200,AN/APG-68(V)9,LOCK,B0100,39.74641097218664,0.0,0.0,0.0,0.0,Friendly
80.2,B0100,N001VE,TRACK,A0100,39.880354590843005,-13.762532480340283,-3571.5949486360173,0.48143574490988367,14750.303730206686,Enemy
80.2,B0100,N001VE,TRACK,A0200,39.92606061244876,-14.205728493205301,-2410.282324786656,0.48088727265061454,14990.216850120634,Enemy
80.2,B0200,N001VE,SEARCH,None,0.0,0.0,0.0,0.0,0.0,Enemy
80.4,A0100,AN/APG-68(V)9,LOCK,B0100,39.62879884640672,0.0,0.0,0.0,0.0,Friendly
80.4,A0200,AN/APG-68(V)9,LOCK,B0100,39.65674949950249,0.0,0.0,0.0,0.0,Friendly
80.4,B0100,N001VE,TRACK,A0100,39.880354590843005,-13.762532480340283,-3571.5949486360173,0.4613759222053049,14750.303730206686,Enemy
80.4,B0100,N001VE,TRACK,A0200,39.92606061244876,-14.205728493205301,-2410.282324786656,0.46085030295683865,14990.216850120634,Enemy
80.4,B0200,N001VE,SEARCH,None,0.0,0.0,0.0,0.0,0.0,Enemy
80.60000000000001,A0100,AN/APG-68(V)9,LOCK,B0100,39.54668994948157,0.0,0.0,0.0,0.0,Friendly
80.60000000000001,A0200,AN/APG-68(V)9,LOCK,B0100,39.56727862065543,0.0,0.0,0.0,0.0,Friendly
80.60000000000001,B0100,N001VE,TRACK,A0100,39.880354590843005,-13.762532480340283,-3571.5949486360173,0.44131609950072614,14750.303730206686,Enemy
80.60000000000001,B0100,N001VE,TRACK,A0200,39.92606061244876,-14.205728493205301,-2410.282324786656,0.44081333326306277,14990.216850120634,Enemy
80.60000000000001,B0200,N001VE,SEARCH,None,0.0,0.0,0.0,0.0,0.0,Enemy
80.80000000000001,A0100,AN/APG-68(V)9,LOCK,B0100,39.46570594342813,0.0,0.0,0.0,0.0,Friendly
80.80000000000001,A0200,AN/APG-68(V)9,LOCK,B0100,39.477941145015556,0.0,0.0,0.0,0.0,Friendly
80.80000000000001,B0100,N001VE,SEARCH,None,0.0,0.0,0.0,0.0,0.0,Enemy
80.80000000000001,B0200,N001VE,TRACK,A0200,39.56704293773835,-13.892191326543347,-2740.6405886385674,0.5256284418094004,14921.048983886794,Enemy
81.0,A0100,AN/APG-68(V)9,LOCK,B0100,39.38563492535048,0.0,0.0,0.0,0.0,Friendly
81.0,A0200,AN/APG-68(V)9,LOCK,B0100,39.38863519833105,0.0,0.0,0.0,0.0,Friendly
81.0,B0100,N001VE,SEARCH,None,0.0,0.0,0.0,0.0,0.0,Enemy
81.0,B0200,N001VE,TRACK,A0200,39.56704293773835,-13.892191326543347,-2740.6405886385674,0.5054119632782706,14921.048983886794,Enemy
81.2,A0100,AN/APG-68(V)9,LOCK,B0100,39.3063772531669,0.0,0.0,0.0,0.0,Friendly
81.2,A0200,AN/APG-68(V)9,LOCK,B0100,39.299350019158275,0.0,0.0,0.0,0.0,Friendly
81.2,B0100,N001VE,SEARCH,None,0.0,0.0,0.0,0.0,0.0,Enemy
81.2,B0200,N001VE,TRACK,A0200,39.56704293773835,-13.892191326543347,-2740.6405886385674,0.4851954847471395,14921.048983886794,Enemy
81.4,A0100,AN/APG-68(V)9,LOCK,B0100,39.228282924626775,0.0,0.0,0.0,0.0,Friendly
81.4,A0200,AN/APG-68(V)9,LOCK,B0100,39.21026772214437,0.0,0.0,0.0,0.0,Friendly
81.4,B0100,N001VE,SEARCH,None,0.0,0.0,0.0,0.0,0.0,Enemy
81.4,B0200,N001VE,TRACK,A0200,39.56704293773835,-13.892191326543347,-2740.6405886385674,0.4649790062160084,14921.048983886794,Enemy
81.60000000000001,A0100,AN/APG-68(V)9,LOCK,B0100,39.151782729590664,0.0,0.0,0.0,0.0,Friendly
81.60000000000001,A0200,AN/APG-68(V)9,LOCK,B0100,39.1214607499532,0.0,0.0,0.0,0.0,Friendly
81.60000000000001,B0100,N001VE,SEARCH,None,0.0,0.0,0.0,0.0,0.0,Enemy
81.60000000000001,B0200,N001VE,TRACK,A0200,39.56704293773835,-13.892191326543347,-2740.6405886385674,0.44476252768487734,14921.048983886794,Enemy
81.80000000000001,A0100,AN/APG-68(V)9,LOCK,B0100,39.077202452805786,0.0,0.0,0.0,0.0,Friendly
81.80000000000001,A0200,AN/APG-68(V)9,LOCK,B0100,39.03288296474093,0.0,0.0,0.0,0.0,Friendly
81.80000000000001,B0100,N001VE,TRACK,A0200,39.03288296474093,-13.637814105465123,-2633.2862760121743,0.5325725214583668,14941.192673369607,Enemy
81.80000000000001,B0200,N001VE,TRACK,A0200,39.12615945063153,-13.609299121611881,-2857.3985922345632,0.5313599271417889,14895.75352497686,Enemy
82.0,A0100,AN/APG-68(V)9,LOCK,B0100,39.00473912770281,0.0,0.0,0.0,0.0,Friendly
82.0,A0200,AN/APG-68(V)9,LOCK,B0100,38.94452636764175,0.0,0.0,0.0,0.0,Friendly
82.0,B0100,N001VE,TRACK,A0200,39.03288296474093,-13.637814105465123,-2633.2862760121743,0.5120889629407384,14941.192673369607,Enemy
82.0,B0200,N001VE,TRACK,A0200,39.12615945063153,-13.609299121611881,-2857.3985922345632,0.5109230068671058,14895.75352497686,Enemy
82.2,A0100,AN/APG-68(V)9,LOCK,B0100,38.93408162435918,0.0,0.0,0.0,0.0,Friendly
82.2,A0200,AN/APG-68(V)9,LOCK,B0100,38.856391160164776,0.0,0.0,0.0,0.0,Friendly
82.2,B0100,N001VE,TRACK,A0200,39.03288296474093,-13.637814105465123,-2633.2862760121743,0.4916054044231085,14941.192673369607,Enemy
82.2,B0200,N001VE,TRACK,A0200,39.12615945063153,-13.609299121611881,-2857.3985922345632,0.49048608659242127,14895.75352497686,Enemy
82.4,A0100,AN/APG-68(V)9,LOCK,B0100,38.86487920516775,0.0,0.0,0.0,0.0,Friendly
82.4,A0200,AN/APG-68(V)9,LOCK,B0100,38.7683639805332,0.0,0.0,0.0,0.0,Friendly
82.4,B0100,N001VE,TRACK,A0200,39.03288296474093,-13.637814105465123,-2633.2862760121743,0.4711218459054787,14941.192673369607,Enemy
82.4,B0200,N001VE,TRACK,A0200,39.12615945063153,-13.609299121611881,-2857.3985922345632,0.47004916631773674,14895.75352497686,Enemy
82.60000000000001,A0100,AN/APG-68(V)9,LOCK,B0100,38.79690453287551,0.0,0.0,0.0,0.0,Friendly
82.60000000000001,A0200,AN/APG-68(V)9,LOCK,B0100,38.68033199611684,0.0,0.0,0.0,0.0,Friendly
82.60000000000001,B0100,N001VE,TRACK,A0200,39.03288296474093,-13.637814105465123,-2633.2862760121743,0.4506382873878489,14941.192673369607,Enemy
82.60000000000001,B0200,N001VE,TRACK,A0200,39.12615945063153,-13.609299121611881,-2857.3985922345632,0.4496122460430522,14895.75352497686,Enemy
82.80000000000001,A0100,AN/APG-68(V)9,LOCK,B0100,38.73016192040759,0.0,0.0,0.0,0.0,Friendly
82.80000000000001,A0200,AN/APG-68(V)9,LOCK,B0100,38.59247288783235,0.0,0.0,0.0,0.0,Friendly
82.80000000000001,B0100,N001VE,TRACK,A0200,38.59247288783235,-13.35211809336741,-2752.3260322553792,0.5382978524581783,14915.6764924099,Enemy
82.80000000000001,B0200,N001VE,TRACK,A0100,38.87089093630454,-12.963792653923068,-3937.5190084637925,0.5346784178280398,14605.68184097595,Enemy
83.0,A0100,AN/APG-68(V)9,LOCK,B0100,38.664579418304285,0.0,0.0,0.0,0.0,Friendly
83.0,A0200,AN/APG-68(V)9,LOCK,B0100,38.50498248262447,0.0,0.0,0.0,0.0,Friendly
83.0,B0100,N001VE,TRACK,A0200,38.59247288783235,-13.35211809336741,-2752.3260322553792,0.5175940889020956,14915.6764924099,Enemy
83.0,B0200,N001VE,TRACK,A0100,38.87089093630454,-12.963792653923068,-3937.5190084637925,0.5141138632961932,14605.68184097595,Enemy
83.2,A0100,AN/APG-68(V)9,LOCK,B0100,38.59977452992607,0.0,0.0,0.0,0.0,Friendly
83.2,A0200,AN/APG-68(V)9,LOCK,B0100,38.417898794312904,0.0,0.0,0.0,0.0,Friendly
83.2,B0100,N001VE,TRACK,A0200,38.59247288783235,-13.35211809336741,-2752.3260322553792,0.49689032534601146,14915.6764924099,Enemy
83.2,B0200,N001VE,TRACK,A0100,38.87089093630454,-12.963792653923068,-3937.5190084637925,0.4935493087643452,14605.68184097595,Enemy
83.4,A0100,AN/APG-68(V)9,LOCK,B0100,38.53544647607042,0.0,0.0,0.0,0.0,Friendly
83.4,A0200,AN/APG-68(V)9,LOCK,B0100,38.33119939828864,0.0,0.0,0.0,0.0,Friendly
83.4,B0100,N001VE,TRACK,A0200,38.59247288783235,-13.35211809336741,-2752.3260322553792,0.4761865617899273,14915.6764924099,Enemy
83.4,B0200,N001VE,TRACK,A0100,38.87089093630454,-12.963792653923068,-3937.5190084637925,0.4729847542324972,14605.68184097595,Enemy
83.60000000000001,A0100,AN/APG-68(V)9,LOCK,B0100,38.47149466934143,0.0,0.0,0.0,0.0,Friendly
83.60000000000001,A0200,AN/APG-68(V)9,LOCK,B0100,38.24473049788627,0.0,0.0,0.0,0.0,Friendly
83.60000000000001,B0100,N001VE,TRACK,A0200,38.59247288783235,-13.35211809336741,-2752.3260322553792,0.45548279823384324,14915.6764924099,Enemy
83.60000000000001,B0200,N001VE,TRACK,A0100,38.87089093630454,-12.963792653923068,-3937.5190084637925,0.4524201997006492,14605.68184097595,Enemy
83.80000000000001,A0100,AN/APG-68(V)9,LOCK,B0100,38.4078540493895,0.0,0.0,0.0,0.0,Friendly
83.80000000000001,A0200,AN/APG-68(V)9,LOCK,B0100,38.158234634300655,0.0,0.0,0.0,0.0,Friendly
83.80000000000001,B0100,N001VE,TRACK,A0200,38.158234634300655,-13.067551851715615,-2866.953223110416,0.5439429497540903,14890.14029455574,Enemy
83.80000000000001,B0200,N001VE,TRACK,A0100,38.55501345841888,-12.721195618139241,-4102.27993949324,0.5387848250405535,14565.996576768905,Enemy
84.0,A0100,AN/APG-68(V)9,LOCK,B0100,38.344593059679525,0.0,0.0,0.0,0.0,Friendly
84.0,A0200,AN/APG-68(V)9,LOCK,B0100,38.07161329692239,0.0,0.0,0.0,0.0,Friendly
84.0,B0100,N001VE,TRACK,A0200,38.158234634300655,-13.067551851715615,-2866.953223110416,0.5230220670712418,14890.14029455574,Enemy
84.0,B0200,N001VE,TRACK,A0100,38.55501345841888,-12.721195618139241,-4102.27993949324,0.518062331769764,14565.996576768905,Enemy
84.2,A0100,AN/APG-68(V)9,LOCK,B0100,38.28195263748792,0.0,0.0,0.0,0.0,Friendly
84.2,A0200,AN/APG-68(V)9,LOCK,B0100,37.98508800215123,0.0,0.0,0.0,0.0,Friendly
84.2,B0100,N001VE,TRACK,A0200,38.158234634300655,-13.067551851715615,-2866.953223110416,0.5021011843883918,14890.14029455574,Enemy
84.2,B0200,N001VE,TRACK,A0100,38.55501345841888,-12.721195618139241,-4102.27993949324,0.4973398384989732,14565.996576768905,Enemy
84.4,A0100,AN/APG-68(V)9,LOCK,B0100,38.22014607190968,0.0,0.0,0.0,0.0,Friendly
84.4,A0200,AN/APG-68(V)9,LOCK,B0100,37.898991685763626,0.0,0.0,0.0,0.0,Friendly
84.4,B0100,N001VE,TRACK,A0200,38.158234634300655,-13.067551851715615,-2866.953223110416,0.4811803017055418,14890.14029455574,Enemy
84.4,B0200,N001VE,TRACK,A0100,38.55501345841888,-12.721195618139241,-4102.27993949324,0.4766173452281823,14565.996576768905,Enemy
84.60000000000001,A0100,AN/APG-68(V)9,LOCK,B0100,38.15911119466777,0.0,0.0,0.0,0.0,Friendly
84.60000000000001,A0200,AN/APG-68(V)9,LOCK,B0100,37.81323561398049,0.0,0.0,0.0,0.0,Friendly
84.60000000000001,B0100,N001VE,TRACK,A0200,38.158234634300655,-13.067551851715615,-2866.953223110416,0.4602594190226919,14890.14029455574,Enemy
84.60000000000001,B0200,N001VE,TRACK,A0100,38.55501345841888,-12.721195618139241,-4102.27993949324,0.4558948519573915,14565.996576768905,Enemy
84.80000000000001,A0100,AN/APG-68(V)9,LOCK,B0100,38.098822199662244,0.0,0.0,0.0,0.0,Friendly
84.80000000000001,A0200,AN/APG-68(V)9,LOCK,B0100,37.7277816370479,0.0,0.0,0.0,0.0,Friendly
84.80000000000001,B0100,N001VE,SEARCH,None,0.0,0.0,0.0,0.0,0.0,Enemy
84.80000000000001,B0200,N001VE,SEARCH,None,0.0,0.0,0.0,0.0,0.0,Enemy
85.0,A0100,AN/APG-68(V)9,LOCK,B0100,38.03924665724665,0.0,0.0,0.0,0.0,Friendly
85.0,A0200,AN/APG-68(V)9,LOCK,B0100,37.64266632904099,0.0,0.0,0.0,0.0,Friendly
85.0,B0100,N001VE,SEARCH,None,0.0,0.0,0.0,0.0,0.0,Enemy
85.0,B0200,N001VE,SEARCH,None,0.0,0.0,0.0,0.0,0.0,Enemy
85.2,A0100,AN/APG-68(V)9,LOCK,B0100,37.98014841666473,0.0,0.0,0.0,0.0,Friendly
85.2,A0200,AN/APG-68(V)9,LOCK,B0100,37.557922999768266,0.0,0.0,0.0,0.0,Friendly
85.2,B0100,N001VE,SEARCH,None,0.0,0.0,0.0,0.0,0.0,Enemy
85.2,B0200,N001VE,SEARCH,None,0.0,0.0,0.0,0.0,0.0,Enemy
85.4,A0100,AN/APG-68(V)9,LOCK,B0100,37.921355231990084,0.0,0.0,0.0,0.0,Friendly
85.4,A0200,AN/APG-68(V)9,LOCK,B0100,37.47345980992611,0.0,0.0,0.0,0.0,Friendly
85.4,B0100,N001VE,SEARCH,None,0.0,0.0,0.0,0.0,0.0,Enemy
85.4,B0200,N001VE,SEARCH,None,0.0,0.0,0.0,0.0,0.0,Enemy
85.60000000000001,A0100,AN/APG-68(V)9,LOCK,B0100,37.8629534963275,0.0,0.0,0.0,0.0,Friendly
85.60000000000001,A0200,AN/APG-68(V)9,LOCK,B0100,37.38929895740601,0.0,0.0,0.0,0.0,Friendly
85.60000000000001,B0100,N001VE,SEARCH,None,0.0,0.0,0.0,0.0,0.0,Enemy
85.60000000000001,B0200,N001VE,SEARCH,None,0.0,0.0,0.0,0.0,0.0,Enemy
85.80000000000001,A0100,AN/APG-68(V)9,LOCK,B0100,37.805120746955886,0.0,0.0,0.0,0.0,Friendly
85.80000000000001,A0200,AN/APG-68(V)9,LOCK,B0100,37.3055141352172,0.0,0.0,0.0,0.0,Friendly
85.80000000000001,B0100,N001VE,SEARCH,None,0.0,0.0,0.0,0.0,0.0,Enemy
85.80000000000001,B0200,N001VE,SEARCH,None,0.0,0.0,0.0,0.0,0.0,Enemy
86.0,A0100,AN/APG-68(V)9,LOCK,B0100,37.74788097284039,0.0,0.0,0.0,0.0,Friendly
86.0,A0200,AN/APG-68(V)9,LOCK,B0100,37.22198471693142,0.0,0.0,0.0,0.0,Friendly
86.0,B0100,N001VE,SEARCH,None,0.0,0.0,0.0,0.0,0.0,Enemy
86.0,B0200,N001VE,SEARCH,None,0.0,0.0,0.0,0.0,0.0,Enemy
86.2,A0100,AN/APG-68(V)9,LOCK,B0100,37.69132332651141,0.0,0.0,0.0,0.0,Friendly
86.2,A0200,AN/APG-68(V)9,LOCK,B0100,37.1386944904994,0.0,0.0,0.0,0.0,Friendly
86.2,B0100,N001VE,SEARCH,None,0.0,0.0,0.0,0.0,0.0,Enemy
86.2,B0200,N001VE,SEARCH,None,0.0,0.0,0.0,0.0,0.0,Enemy
86.4,A0100,AN/APG-68(V)9,LOCK,B0100,37.635503852580115,0.0,0.0,0.0,0.0,Friendly
86.4,A0200,AN/APG-68(V)9,LOCK,B0100,37.0556602800468,0.0,0.0,0.0,0.0,Friendly
86.4,B0100,N001VE,SEARCH,None,0.0,0.0,0.0,0.0,0.0,Enemy
86.4,B0200,N001VE,SEARCH,None,0.0,0.0,0.0,0.0,0.0,Enemy
86.60000000000001,A0100,AN/APG-68(V)9,LOCK,B0100,37.58060351825614,0.0,0.0,0.0,0.0,Friendly
86.60000000000001,A0200,AN/APG-68(V)9,LOCK,B0100,36.9729484927818,0.0,0.0,0.0,0.0,Friendly
86.60000000000001,B0100,N001VE,SEARCH,None,0.0,0.0,0.0,0.0,0.0,Enemy
86.60000000000001,B0200,N001VE,SEARCH,None,0.0,0.0,0.0,0.0,0.0,Enemy
86.80000000000001,A0100,AN/APG-68(V)9,LOCK,B0100,37.5271154840989,0.0,0.0,0.0,0.0,Friendly
86.80000000000001,A0200,AN/APG-68(V)9,LOCK,B0100,36.89062237852744,0.0,0.0,0.0,0.0,Friendly
86.80000000000001,B0100,N001VE,SEARCH,None,0.0,0.0,0.0,0.0,0.0,Enemy
86.80000000000001,B0200,N001VE,SEARCH,None,0.0,0.0,0.0,0.0,0.0,Enemy
87.0,A0100,AN/APG-68(V)9,LOCK,B0100,37.47567290533926,0.0,0.0,0.0,0.0,Friendly
87.0,A0200,AN/APG-68(V)9,LOCK,B0100,36.80875859873726,0.0,0.0,0.0,0.0,Friendly
87.0,B0100,N001VE,SEARCH,None,0.0,0.0,0.0,0.0,0.0,Enemy
87.0,B0200,N001VE,SEARCH,None,0.0,0.0,0.0,0.0,0.0,Enemy
87.2,A0100,AN/APG-68(V)9,LOCK,B0100,37.42641313256962,0.0,0.0,0.0,0.0,Friendly
87.2,A0200,AN/APG-68(V)9,LOCK,B0100,36.727145252061774,0.0,0.0,0.0,0.0,Friendly
87.2,B0100,N001VE,SEARCH,None,0.0,0.0,0.0,0.0,0.0,Enemy
87.2,B0200,N001VE,SEARCH,None,0.0,0.0,0.0,0.0,0.0,Enemy
87.4,A0100,AN/APG-68(V)9,LOCK,B0100,37.37895413853648,0.0,0.0,0.0,0.0,Friendly
87.4,A0200,AN/APG-68(V)9,LOCK,B0100,36.64560349505012,0.0,0.0,0.0,0.0,Friendly
87.4,B0100,N001VE,SEARCH,None,0.0,0.0,0.0,0.0,0.0,Enemy
87.4,B0200,N001VE,SEARCH,None,0.0,0.0,0.0,0.0,0.0,Enemy
87.60000000000001,A0100,AN/APG-68(V)9,LOCK,B0100,37.33297471667802,0.0,0.0,0.0,0.0,Friendly
87.60000000000001,A0200,AN/APG-68(V)9,LOCK,B0100,36.5639123362409,0.0,0.0,0.0,0.0,Friendly
87.60000000000001,B0100,N001VE,SEARCH,None,0.0,0.0,0.0,0.0,0.0,Enemy
87.60000000000001,B0200,N001VE,SEARCH,None,0.0,0.0,0.0,0.0,0.0,Enemy
87.80000000000001,A0100,AN/APG-68(V)9,LOCK,B0100,37.28861305605712,0.0,0.0,0.0,0.0,Friendly
87.80000000000001,A0200,AN/APG-68(V)9,LOCK,B0100,36.48219570776732,0.0,0.0,0.0,0.0,Friendly
87.80000000000001,B0100,N001VE,TRACK,A0200,36.48219570776732,-11.936620426271784,-3300.3638878688594,0.5657314557990237,14785.268782370347,Enemy
87.80000000000001,B0200,N001VE,SEARCH,None,0.0,0.0,0.0,0.0,0.0,Enemy
88.0,A0100,AN/APG-68(V)9,LOCK,B0100,37.246153741080086,0.0,0.0,0.0,0.0,Friendly
88.0,A0200,AN/APG-68(V)9,LOCK,B0100,36.4007478887013,0.0,0.0,0.0,0.0,Friendly
88.0,B0100,N001VE,TRACK,A0200,36.48219570776732,-11.936620426271784,-3300.3638878688594,0.5439725536529085,14785.268782370347,Enemy
88.0,B0200,N001VE,SEARCH,None,0.0,0.0,0.0,0.0,0.0,Enemy
88.2,A0100,AN/APG-68(V)9,LOCK,B0100,37.20618026711927,0.0,0.0,0.0,0.0,Friendly
88.2,A0200,AN/APG-68(V)9,LOCK,B0100,36.31967587903596,0.0,0.0,0.0,0.0,Friendly
88.2,B0100,N001VE,TRACK,A0200,36.48219570776732,-11.936620426271784,-3300.3638878688594,0.5222136515067919,14785.268782370347,Enemy
88.2,B0200,N001VE,SEARCH,None,0.0,0.0,0.0,0.0,0.0,Enemy
88.4,A0100,AN/APG-68(V)9,LOCK,B0100,37.1688209074193,0.0,0.0,0.0,0.0,Friendly
88.4,A0200,AN/APG-68(V)9,LOCK,B0100,36.238774630128454,0.0,0.0,0.0,0.0,Friendly
88.4,B0100,N001VE,TRACK,A0200,36.48219570776732,-11.936620426271784,-3300.3638878688594,0.5004547493606752,14785.268782370347,Enemy
88.4,B0200,N001VE,SEARCH,None,0.0,0.0,0.0,0.0,0.0,Enemy
88.60000000000001,A0100,AN/APG-68(V)9,LOCK,B0100,37.1334777603304,0.0,0.0,0.0,0.0,Friendly
88.60000000000001,A0200,AN/APG-68(V)9,LOCK,B0100,36.1578297630626,0.0,0.0,0.0,0.0,Friendly
88.60000000000001,B0100,N001VE,TRACK,A0200,36.48219570776732,-11.936620426271784,-3300.3638878688594,0.4786958472145586,14785.268782370347,Enemy
88.60000000000001,B0200,N001VE,SEARCH,None,0.0,0.0,0.0,0.0,0.0,Enemy
88.80000000000001,A0100,AN/APG-68(V)9,LOCK,B0100,37.09985511719109,0.0,0.0,0.0,0.0,Friendly
88.80000000000001,A0200,AN/APG-68(V)9,LOCK,B0100,36.076884829119415,0.0,0.0,0.0,0.0,Friendly
88.80000000000001,B0100,N001VE,TRACK,A0100,37.09985511719109,-11.614843773742026,-4383.740860324007,0.5577018834765146,14398.412041200127,Enemy
88.80000000000001,B0200,N001VE,SEARCH,None,0.0,0.0,0.0,0.0,0.0,Enemy
89.0,A0100,AN/APG-68(V)9,LOCK,B0100,37.068516398372594,0.0,0.0,0.0,0.0,Friendly
89.0,A0200,AN/APG-68(V)9,LOCK,B0100,35.99631824301968,0.0,0.0,0.0,0.0,Friendly
89.0,B0100,N001VE,TRACK,A0100,37.09985511719109,-11.614843773742026,-4383.740860324007,0.5362518110351113,14398.412041200127,Enemy
89.0,B0200,N001VE,SEARCH,None,0.0,0.0,0.0,0.0,0.0,Enemy
89.2,A0100,AN/APG-68(V)9,LOCK,B0100,37.04000760390329,0.0,0.0,0.0,0.0,Friendly
89.2,A0200,AN/APG-68(V)9,LOCK,B0100,35.91649903642333,0.0,0.0,0.0,0.0,Friendly
89.2,B0100,N001VE,TRACK,A0100,37.09985511719109,-11.614843773742026,-4383.740860324007,0.5148017385937066,14398.412041200127,Enemy
89.2,B0200,N001VE,SEARCH,None,0.0,0.0,0.0,0.0,0.0,Enemy
89.4,A0100,AN/APG-68(V)9,LOCK,B0100,37.01399798021942,0.0,0.0,0.0,0.0,Friendly
89.4,A0200,AN/APG-68(V)9,LOCK,B0100,35.83751876938129,0.0,0.0,0.0,0.0,Friendly
89.4,B0100,N001VE,TRACK,A0100,37.09985511719109,-11.614843773742026,-4383.740860324007,0.4933516661523018,14398.412041200127,Enemy
89.4,B0200,N001VE,SEARCH,None,0.0,0.0,0.0,0.0,0.0,Enemy
89.60000000000001,A0100,AN/APG-68(V)9,LOCK,B0100,36.99014519190248,0.0,0.0,0.0,0.0,Friendly
89.60000000000001,A0200,AN/APG-68(V)9,LOCK,B0100,35.75919104703037,0.0,0.0,0.0,0.0,Friendly
89.60000000000001,B0100,N001VE,TRACK,A0100,37.09985511719109,-11.614843773742026,-4383.740860324007,0.47190159371089707,14398.412041200127,Enemy
89.60000000000001,B0200,N001VE,SEARCH,None,0.0,0.0,0.0,0.0,0.0,Enemy
89.80000000000001,A0100,AN/APG-68(V)9,LOCK,B0100,36.96868760408317,0.0,0.0,0.0,0.0,Friendly
89.80000000000001,A0200,AN/APG-68(V)9,LOCK,B0100,35.68120850992523,0.0,0.0,0.0,0.0,Friendly
89.80000000000001,B0100,N001VE,SEARCH,None,0.0,0.0,0.0,0.0,0.0,Enemy
89.80000000000001,B0200,N001VE,TRACK,A0100,37.15735659615388,-11.487532658661321,-4602.237219739298,0.5569543642499983,14306.758771080351,Enemy
90.0,A0100,AN/APG-68(V)9,LOCK,B0100,36.95000690686946,0.0,0.0,0.0,0.0,Friendly
90.0,A0200,AN/APG-68(V)9,LOCK,B0100,35.60368742716051,0.0,0.0,0.0,0.0,Friendly
90.0,B0100,N001VE,SEARCH,None,0.0,0.0,0.0,0.0,0.0,Enemy
90.0,B0200,N001VE,TRACK,A0100,37.15735659615388,-11.487532658661321,-4602.237219739298,0.5355330425480764,14306.758771080351,Enemy
90.2,A0100,AN/APG-68(V)9,LOCK,B0100,36.93404557139693,0.0,0.0,0.0,0.0,Friendly
90.2,A0200,AN/APG-68(V)9,LOCK,B0100,35.52695906140125,0.0,0.0,0.0,0.0,Friendly
90.2,B0100,N001VE,SEARCH,None,0.0,0.0,0.0,0.0,0.0,Enemy
90.2,B0200,N001VE,TRACK,A0100,37.15735659615388,-11.487532658661321,-4602.237219739298,0.5141117208461531,14306.758771080351,Enemy
90.4,A0100,AN/APG-68(V)9,LOCK,B0100,36.920426848251125,0.0,0.0,0.0,0.0,Friendly
90.4,A0200,AN/APG-68(V)9,LOCK,B0100,35.45111185712047,0.0,0.0,0.0,0.0,Friendly
90.4,B0100,N001VE,SEARCH,None,0.0,0.0,0.0,0.0,0.0,Enemy
90.4,B0200,N001VE,TRACK,A0100,37.15735659615388,-11.487532658661321,-4602.237219739298,0.4926903991442297,14306.758771080351,Enemy
90.60000000000001,A0100,AN/APG-68(V)9,LOCK,B0100,36.909321316330924,0.0,0.0,0.0,0.0,Friendly
90.60000000000001,A0200,AN/APG-68(V)9,LOCK,B0100,35.37605219340542,0.0,0.0,0.0,0.0,Friendly
90.60000000000001,B0100,N001VE,SEARCH,None,0.0,0.0,0.0,0.0,0.0,Enemy
90.60000000000001,B0200,N001VE,TRACK,A0100,37.15735659615388,-11.487532658661321,-4602.237219739298,0.4712690774423064,14306.758771080351,Enemy
90.80000000000001,A0100,AN/APG-68(V)9,LOCK,B0100,36.90089357931245,0.0,0.0,0.0,0.0,Friendly
90.80000000000001,A0200,AN/APG-68(V)9,LOCK,B0100,35.301731044416066,0.0,0.0,0.0,0.0,Friendly
90.80000000000001,B0100,N001VE,TRACK,A0200,35.301731044416066,-11.102827315298475,-3640.148902212912,0.5810774964225899,14702.563489446116,Enemy
90.80000000000001,B0200,N001VE,SEARCH,None,0.0,0.0,0.0,0.0,0.0,Enemy
91.0,A0100,AN/APG-68(V)9,LOCK,B0100,36.89496745579527,0.0,0.0,0.0,0.0,Friendly
91.0,A0200,AN/APG-68(V)9,LOCK,B0100,35.22818009842823,0.0,0.0,0.0,0.0,Friendly
91.0,B0100,N001VE,TRACK,A0200,35.301731044416066,-11.102827315298475,-3640.148902212912,0.5587283619447991,14702.563489446116,Enemy
91.0,B0200,N001VE,SEARCH,None,0.0,0.0,0.0,0.0,0.0,Enemy
91.2,A0100,AN/APG-68(V)9,LOCK,B0100,36.89133671241865,0.0,0.0,0.0,0.0,Friendly
91.2,A0200,AN/APG-68(V)9,LOCK,B0100,35.155663744206876,0.0,0.0,0.0,0.0,Friendly
91.2,B0100,N001VE,TRACK,A0200,35.301731044416066,-11.102827315298475,-3640.148902212912,0.5363792274670068,14702.563489446116,Enemy
91.2,B0200,N001VE,SEARCH,None,0.0,0.0,0.0,0.0,0.0,Enemy
91.4,A0100,AN/APG-68(V)9,LOCK,B0100,36.88998193020896,0.0,0.0,0.0,0.0,Friendly
91.4,A0200,AN/APG-68(V)9,LOCK,B0100,35.08444957936119,0.0,0.0,0.0,0.0,Friendly
91.4,B0100,N001VE,TRACK,A0200,35.301731044416066,-11.102827315298475,-3640.148902212912,0.5140300929892145,14702.563489446116,Enemy
91.4,B0200,N001VE,SEARCH,None,0.0,0.0,0.0,0.0,0.0,Enemy
91.60000000000001,A0100,AN/APG-68(V)9,LOCK,B0100,36.890439189725896,0.0,0.0,0.0,0.0,Friendly
91.60000000000001,A0200,AN/APG-68(V)9,LOCK,B0100,35.013923717166186,0.0,0.0,0.0,0.0,Friendly
91.60000000000001,B0100,N001VE,TRACK,A0200,35.301731044416066,-11.102827315298475,-3640.148902212912,0.4916809585114223,14702.563489446116,Enemy
91.60000000000001,B0200,N001VE,SEARCH,None,0.0,0.0,0.0,0.0,0.0,Enemy
91.80000000000001,A0100,AN/APG-68(V)9,LOCK,B0100,36.892315401834594,0.0,0.0,0.0,0.0,Friendly
91.80000000000001,A0200,AN/APG-68(V)9,LOCK,B0100,34.943583585715494,0.0,0.0,0.0,0.0,Friendly
91.80000000000001,B0100,N001VE,TRACK,A0200,34.943583585715494,-10.843579834033676,-3686.6685872394305,0.5857334133856974,14676.041092379537,Enemy
91.80000000000001,B0200,N001VE,TRACK,A0200,35.081014215648004,-10.838485949032703,-3913.271518608865,0.5839468151965747,14626.17948647173,Enemy
92.0,A0100,AN/APG-68(V)9,LOCK,B0100,36.89548627547802,0.0,0.0,0.0,0.0,Friendly
92.0,A0200,AN/APG-68(V)9,LOCK,B0100,34.87342635478816,0.0,0.0,0.0,0.0,Friendly
92.0,B0100,N001VE,TRACK,A0200,34.943583585715494,-10.843579834033676,-3686.6685872394305,0.5632052051785563,14676.041092379537,Enemy
92.0,B0200,N001VE,TRACK,A0200,35.081014215648004,-10.838485949032703,-3913.271518608865,0.5614873223043999,14626.17948647173,Enemy
92.2,A0100,AN/APG-68(V)9,LOCK,B0100,36.89982374498538,0.0,0.0,0.0,0.0,Friendly
92.2,A0200,AN/APG-68(V)9,LOCK,B0100,34.80381558521357,0.0,0.0,0.0,0.0,Friendly
92.2,B0100,N001VE,TRACK,A0200,34.943583585715494,-10.843579834033676,-3686.6685872394305,0.5406769969714137,14676.041092379537,Enemy
92.2,B0200,N001VE,SEARCH,None,0.0,0.0,0.0,0.0,0.0,Enemy
92.4,A0100,AN/APG-68(V)9,LOCK,B0100,36.90537389601823,0.0,0.0,0.0,0.0,Friendly
92.4,A0200,AN/APG-68(V)9,LOCK,B0100,34.73533957946936,0.0,0.0,0.0,0.0,Friendly
92.4,B0100,N001VE,TRACK,A0200,34.943583585715494,-10.843579834033676,-3686.6685872394305,0.5181487887642712,14676.041092379537,Enemy
92.4,B0200,N001VE,SEARCH,None,0.0,0.0,0.0,0.0,0.0,Enemy
92.60000000000001,A0100,AN/APG-68(V)9,LOCK,B0100,36.91229832999242,0.0,0.0,0.0,0.0,Friendly
92.60000000000001,A0200,AN/APG-68(V)9,LOCK,B0100,34.66811325452989,0.0,0.0,0.0,0.0,Friendly
92.60000000000001,B0100,N001VE,TRACK,A0200,34.943583585715494,-10.843579834033676,-3686.6685872394305,0.49562058055712865,14676.041092379537,Enemy
92.60000000000001,B0200,N001VE,SEARCH,None,0.0,0.0,0.0,0.0,0.0,Enemy
92.80000000000001,A0100,AN/APG-68(V)9,LOCK,B0100,36.92057771766683,0.0,0.0,0.0,0.0,Friendly
92.80000000000001,A0200,AN/APG-68(V)9,LOCK,B0100,34.601809317314014,0.0,0.0,0.0,0.0,Friendly
92.80000000000001,B0100,N001VE,SEARCH,None,0.0,0.0,0.0,0.0,0.0,Enemy
92.80000000000001,B0200,N001VE,SEARCH,None,0.0,0.0,0.0,0.0,0.0,Enemy
93.0,A0100,AN/APG-68(V)9,LOCK,B0100,36.92999675953021,0.0,0.0,0.0,0.0,Friendly
93.0,A0200,AN/APG-68(V)9,LOCK,B0100,34.535902081048306,0.0,0.0,0.0,0.0,Friendly
93.0,B0100,N001VE,SEARCH,None,0.0,0.0,0.0,0.0,0.0,Enemy
93.0,B0200,N001VE,SEARCH,None,0.0,0.0,0.0,0.0,0.0,Enemy
93.2,A0100,AN/APG-68(V)9,LOCK,B0100,36.9404303355409,0.0,0.0,0.0,0.0,Friendly
93.2,A0200,AN/APG-68(V)9,LOCK,B0100,34.47018284968439,0.0,0.0,0.0,0.0,Friendly
93.2,B0100,N001VE,SEARCH,None,0.0,0.0,0.0,0.0,0.0,Enemy
93.2,B0200,N001VE,SEARCH,None,0.0,0.0,0.0,0.0,0.0,Enemy
93.4,A0100,AN/APG-68(V)9,LOCK,B0100,36.95196117592863,0.0,0.0,0.0,0.0,Friendly
93.4,A0200,AN/APG-68(V)9,LOCK,B0100,34.404724617447535,0.0,0.0,0.0,0.0,Friendly
93.4,B0100,N001VE,SEARCH,None,0.0,0.0,0.0,0.0,0.0,Enemy
93.4,B0200,N001VE,SEARCH,None,0.0,0.0,0.0,0.0,0.0,Enemy
93.60000000000001,A0100,AN/APG-68(V)9,LOCK,B0100,36.96462600962477,0.0,0.0,0.0,0.0,Friendly
93.60000000000001,A0200,AN/APG-68(V)9,LOCK,B0100,34.33943591487941,0.0,0.0,0.0,0.0,Friendly
93.60000000000001,B0100,N001VE,SEARCH,None,0.0,0.0,0.0,0.0,0.0,Enemy
93.60000000000001,B0200,N001VE,SEARCH,None,0.0,0.0,0.0,0.0,0.0,Enemy
93.80000000000001,A0100,AN/APG-68(V)9,LOCK,B0100,36.978297460097224,0.0,0.0,0.0,0.0,Friendly
93.80000000000001,A0200,AN/APG-68(V)9,LOCK,B0100,34.27423552620236,0.0,0.0,0.0,0.0,Friendly
93.80000000000001,B0100,N001VE,SEARCH,None,0.0,0.0,0.0,0.0,0.0,Enemy
93.80000000000001,B0200,N001VE,SEARCH,None,0.0,0.0,0.0,0.0,0.0,Enemy
94.0,A0100,AN/APG-68(V)9,LOCK,B0100,36.99264710910911,0.0,0.0,0.0,0.0,Friendly
94.0,A0200,AN/APG-68(V)9,LOCK,B0100,34.20901611699117,0.0,0.0,0.0,0.0,Friendly
94.0,B0100,N001VE,SEARCH,None,0.0,0.0,0.0,0.0,0.0,Enemy
94.0,B0200,N001VE,SEARCH,None,0.0,0.0,0.0,0.0,0.0,Enemy
94.2,A0100,AN/APG-68(V)9,LOCK,B0100,37.00730499887912,0.0,0.0,0.0,0.0,Friendly
94.2,A0200,AN/APG-68(V)9,LOCK,B0100,34.1435902242263,0.0,0.0,0.0,0.0,Friendly
94.2,B0100,N001VE,SEARCH,None,0.0,0.0,0.0,0.0,0.0,Enemy
94.2,B0200,N001VE,SEARCH,None,0.0,0.0,0.0,0.0,0.0,Enemy
94.4,A0100,AN/APG-68(V)9,LOCK,B0100,37.02217139647313,0.0,0.0,0.0,0.0,Friendly
94.4,A0200,AN/APG-68(V)9,LOCK,B0100,34.07796803253488,0.0,0.0,0.0,0.0,Friendly
94.4,B0100,N001VE,SEARCH,None,0.0,0.0,0.0,0.0,0.0,Enemy
94.4,B0200,N001VE,SEARCH,None,0.0,0.0,0.0,0.0,0.0,Enemy
94.60000000000001,A0100,AN/APG-68(V)9,LOCK,B0100,37.037478241245886,0.0,0.0,0.0,0.0,Friendly
94.60000000000001,A0200,AN/APG-68(V)9,LOCK,B0100,34.01235620942958,0.0,0.0,0.0,0.0,Friendly
94.60000000000001,B0100,N001VE,SEARCH,None,0.0,0.0,0.0,0.0,0.0,Enemy
94.60000000000001,B0200,N001VE,SEARCH,None,0.0,0.0,0.0,0.0,0.0,Enemy
94.80000000000001,A0100,AN/APG-68(V)9,LOCK,B0100,37.053405137181656,0.0,0.0,0.0,0.0,Friendly
94.80000000000001,A0200,AN/APG-68(V)9,LOCK,B0100,33.9469792886697,0.0,0.0,0.0,0.0,Friendly
94.80000000000001,B0100,N001VE,TRACK,A0200,33.9469792886697,-10.128658005189878,-3936.1769980300796,0.5986892692472927,14611.520795006316,Enemy
94.80000000000001,B0200,N001VE,TRACK,A0100,37.274572489340194,-11.192256150571495,-4795.856059342837,0.5554305576385763,14099.512758588939,Enemy
95.0,A0100,AN/APG-68(V)9,LOCK,B0100,37.06988506407162,0.0,0.0,0.0,0.0,Friendly
95.0,A0200,AN/APG-68(V)9,LOCK,B0100,33.88176461259234,0.0,0.0,0.0,0.0,Friendly
95.0,B0100,N001VE,TRACK,A0200,33.9469792886697,-10.128658005189878,-3936.1769980300796,0.5756627588916288,14611.520795006316,Enemy
95.0,B0200,N001VE,TRACK,A0100,37.274572489340194,-11.192256150571495,-4795.856059342837,0.5340678438832476,14099.512758588939,Enemy
95.2,A0100,AN/APG-68(V)9,LOCK,B0100,37.08684048451665,0.0,0.0,0.0,0.0,Friendly
95.2,A0200,AN/APG-68(V)9,LOCK,B0100,33.81671048293288,0.0,0.0,0.0,0.0,Friendly
95.2,B0100,N001VE,TRACK,A0200,33.9469792886697,-10.128658005189878,-3936.1769980300796,0.5526362485359633,14611.520795006316,Enemy
95.2,B0200,N001VE,TRACK,A0100,37.274572489340194,-11.192256150571495,-4795.856059342837,0.5127051301279174,14099.512758588939,Enemy
95.4,A0100,AN/APG-68(V)9,LOCK,B0100,37.1041844763795,0.0,0.0,0.0,0.0,Friendly
95.4,A0200,AN/APG-68(V)9,LOCK,B0100,33.75178799628886,0.0,0.0,0.0,0.0,Friendly
95.4,B0100,N001VE,TRACK,A0200,33.9469792886697,-10.128658005189878,-3936.1769980300796,0.5296097381802978,14611.520795006316,Enemy
95.4,B0200,N001VE,TRACK,A0100,37.274572489340194,-11.192256150571495,-4795.856059342837,0.49134241637258713,14099.512758588939,Enemy
95.60000000000001,A0100,AN/APG-68(V)9,LOCK,B0100,37.12182008176843,0.0,0.0,0.0,0.0,Friendly
95.60000000000001,A0200,AN/APG-68(V)9,LOCK,B0100,33.68689939758532,0.0,0.0,0.0,0.0,Friendly
95.60000000000001,B0100,N001VE,TRACK,A0200,33.9469792886697,-10.128658005189878,-3936.1769980300796,0.5065832278246324,14611.520795006316,Enemy
95.60000000000001,B0200,N001VE,TRACK,A0100,37.274572489340194,-11.192256150571495,-4795.856059342837,0.46997970261725697,14099.512758588939,Enemy
95.80000000000001,A0100,AN/APG-68(V)9,LOCK,B0100,37.13980874593163,0.0,0.0,0.0,0.0,Friendly
95.80000000000001,A0200,AN/APG-68(V)9,LOCK,B0100,33.62212760677772,0.0,0.0,0.0,0.0,Friendly
95.80000000000001,B0100,N001VE,SEARCH,None,0.0,0.0,0.0,0.0,0.0,Enemy
95.80000000000001,B0200,N001VE,TRACK,A0100,37.36657693895621,-11.181155965310149,-4978.661294398406,0.5542344997935681,14063.344003921391,Enemy
96.0,A0100,AN/APG-68(V)9,LOCK,B0100,37.15816219548744,0.0,0.0,0.0,0.0,Friendly
96.0,A0200,AN/APG-68(V)9,LOCK,B0100,33.55747383254538,0.0,0.0,0.0,0.0,Friendly
96.0,B0100,N001VE,SEARCH,None,0.0,0.0,0.0,0.0,0.0,Enemy
96.0,B0200,N001VE,TRACK,A0100,37.36657693895621,-11.181155965310149,-4978.661294398406,0.5329177882630474,14063.344003921391,Enemy
96.2,A0100,AN/APG-68(V)9,LOCK,B0100,37.17680428446683,0.0,0.0,0.0,0.0,Friendly
96.2,A0200,AN/APG-68(V)9,LOCK,B0100,33.49296144132881,0.0,0.0,0.0,0.0,Friendly
96.2,B0100,N001VE,SEARCH,None,0.0,0.0,0.0,0.0,0.0,Enemy
96.2,B0200,N001VE,TRACK,A0100,37.36657693895621,-11.181155965310149,-4978.661294398406,0.5116010767325252,14063.344003921391,Enemy
96.4,A0100,AN/APG-68(V)9,LOCK,B0100,37.19576870941445,0.0,0.0,0.0,0.0,Friendly
96.4,A0200,AN/APG-68(V)9,LOCK,B0100,33.42872405634769,0.0,0.0,0.0,0.0,Friendly
96.4,B0100,N001VE,SEARCH,None,0.0,0.0,0.0,0.0,0.0,Enemy
96.4,B0200,N001VE,TRACK,A0100,37.36657693895621,-11.181155965310149,-4978.661294398406,0.49028436520200297,14063.344003921391,Enemy
96.60000000000001,A0100,AN/APG-68(V)9,LOCK,B0100,37.214989437237094,0.0,0.0,0.0,0.0,Friendly
96.60000000000001,A0200,AN/APG-68(V)9,LOCK,B0100,33.3645554518211,0.0,0.0,0.0,0.0,Friendly
96.60000000000001,B0100,N001VE,SEARCH,None,0.0,0.0,0.0,0.0,0.0,Enemy
96.60000000000001,B0200,N001VE,TRACK,A0100,37.36657693895621,-11.181155965310149,-4978.661294398406,0.4689676536714808,14063.344003921391,Enemy
96.80000000000001,A0100,AN/APG-68(V)9,LOCK,B0100,37.23430427442926,0.0,0.0,0.0,0.0,Friendly
96.80000000000001,A0200,AN/APG-68(V)9,LOCK,B0100,33.30016871302657,0.0,0.0,0.0,0.0,Friendly
96.80000000000001,B0100,N001VE,SEARCH,None,0.0,0.0,0.0,0.0,0.0,Enemy
96.80000000000001,B0200,N001VE,SEARCH,None,0.0,0.0,0.0,0.0,0.0,Enemy
97.0,A0100,AN/APG-68(V)9,LOCK,B0100,37.25372375710529,0.0,0.0,0.0,0.0,Friendly
97.0,A0200,AN/APG-68(V)9,LOCK,B0100,33.235640831600335,0.0,0.0,0.0,0.0,Friendly
97.0,B0100,N001VE,SEARCH,None,0.0,0.0,0.0,0.0,0.0,Enemy
97.0,B0200,N001VE,SEARCH,None,0.0,0.0,0.0,0.0,0.0,Enemy
97.2,A0100,AN/APG-68(V)9,LOCK,B0100,37.27346114339712,0.0,0.0,0.0,0.0,Friendly
97.2,A0200,AN/APG-68(V)9,LOCK,B0100,33.17129023148462,0.0,0.0,0.0,0.0,Friendly
97.2,B0100,N001VE,SEARCH,None,0.0,0.0,0.0,0.0,0.0,Enemy
97.2,B0200,N001VE,SEARCH,None,0.0,0.0,0.0,0.0,0.0,Enemy
97.4,A0100,AN/APG-68(V)9,LOCK,B0100,37.293751470171465,0.0,0.0,0.0,0.0,Friendly
97.4,A0200,AN/APG-68(V)9,LOCK,B0100,33.10739425561429,0.0,0.0,0.0,0.0,Friendly
97.4,B0100,N001VE,SEARCH,None,0.0,0.0,0.0,0.0,0.0,Enemy
97.4,B0200,N001VE,SEARCH,None,0.0,0.0,0.0,0.0,0.0,Enemy
97.60000000000001,A0100,AN/APG-68(V)9,LOCK,B0100,37.31456706484149,0.0,0.0,0.0,0.0,Friendly
97.60000000000001,A0200,AN/APG-68(V)9,LOCK,B0100,33.043859611683885,0.0,0.0,0.0,0.0,Friendly
97.60000000000001,B0100,N001VE,SEARCH,None,0.0,0.0,0.0,0.0,0.0,Enemy
97.60000000000001,B0200,N001VE,SEARCH,None,0.0,0.0,0.0,0.0,0.0,Enemy
97.80000000000001,A0100,AN/APG-68(V)9,LOCK,B0100,37.3357507612628,0.0,0.0,0.0,0.0,Friendly
97.80000000000001,A0200,AN/APG-68(V)9,LOCK,B0100,32.98050017608261,0.0,0.0,0.0,0.0,Friendly
97.80000000000001,B0100,N001VE,SEARCH,None,0.0,0.0,0.0,0.0,0.0,Enemy
97.80000000000001,B0200,N001VE,LOCK,A0100,37.57354017651243,-11.172729378800037,-5151.9125491893,0.5515439777053371,13991.681332151258,Enemy
97.80000000000001,B0200,N001VE,LOCK,A0200,33.13925010092146,-9.425227541825997,-4478.085009056853,0.6091897486880198,14494.45451986546,Enemy
98.0,A0100,AN/APG-68(V)9,LOCK,B0100,37.357131273485,0.0,0.0,0.0,0.0,Friendly
98.0,A0200,AN/APG-68(V)9,LOCK,B0100,32.91716731886762,0.0,0.0,0.0,0.0,Friendly
98.0,B0100,N001VE,SEARCH,None,0.0,0.0,0.0,0.0,0.0,Enemy
98.0,B0200,N001VE,TRACK,A0100,37.57354017651243,-11.172729378800037,-5151.9125491893,0.5303307477935946,13991.681332151258,Enemy
98.0,B0200,N001VE,TRACK,A0200,33.13925010092146,-9.425227541825997,-4478.085009056853,0.5857593737384817,14494.45451986546,Enemy
98.2,A0100,AN/APG-68(V)9,LOCK,B0100,37.378493332101435,0.0,0.0,0.0,0.0,Friendly
98.2,A0200,AN/APG-68(V)9,LOCK,B0100,32.85367239214121,0.0,0.0,0.0,0.0,Friendly
98.2,B0100,N001VE,SEARCH,None,0.0,0.0,0.0,0.0,0.0,Enemy
98.2,B0200,N001VE,TRACK,A0100,37.57354017651243,-11.172729378800037,-5151.9125491893,0.5091175178818504,13991.681332151258,Enemy
98.2,B0200,N001VE,TRACK,A0200,33.13925010092146,-9.425227541825997,-4478.085009056853,0.5623289987889422,14494.45451986546,Enemy
98.4,A0100,AN/APG-68(V)9,LOCK,B0100,37.399920951178565,0.0,0.0,0.0,0.0,Friendly
98.4,A0200,AN/APG-68(V)9,LOCK,B0100,32.79005893344522,0.0,0.0,0.0,0.0,Friendly
98.4,B0100,N001VE,SEARCH,None,0.0,0.0,0.0,0.0,0.0,Enemy
98.4,B0200,N001VE,TRACK,A0100,37.57354017651243,-11.172729378800037,-5151.9125491893,0.4879042879701064,13991.681332151258,Enemy
98.4,B0200,N001VE,TRACK,A0200,33.13925010092146,-9.425227541825997,-4478.085009056853,0.5388986238394026,14494.45451986546,Enemy
98.60000000000001,A0100,AN/APG-68(V)9,LOCK,B0100,37.421733477006114,0.0,0.0,0.0,0.0,Friendly
98.60000000000001,A0200,AN/APG-68(V)9,LOCK,B0100,32.726544988549776,0.0,0.0,0.0,0.0,Friendly
98.60000000000001,B0100,N001VE,SEARCH,None,0.0,0.0,0.0,0.0,0.0,Enemy
98.60000000000001,B0200,N001VE,TRACK,A0100,37.57354017651243,-11.172729378800037,-5151.9125491893,0.46669105805836236,13991.681332151258,Enemy
98.60000000000001,B0200,N001VE,TRACK,A0200,33.13925010092146,-9.425227541825997,-4478.085009056853,0.515468248889863,14494.45451986546,Enemy
98.80000000000001,A0100,AN/APG-68(V)9,LOCK,B0100,37.44413232937472,0.0,0.0,0.0,0.0,Friendly
98.80000000000001,A0200,AN/APG-68(V)9,LOCK,B0100,32.663381457129425,0.0,0.0,0.0,0.0,Friendly
98.80000000000001,B0100,N001VE,TRACK,A0100,37.44413232937472,-11.114393489636548,-5141.82964549709,0.5532262797181275,14000.011386465198,Enemy
98.80000000000001,B0200,N001VE,TRACK,A0100,37.687226329929715,-11.175964016289218,-5281.815019267712,0.5500660577109125,13956.950714474511,Enemy
99.0,A0100,AN/APG-68(V)9,LOCK,B0100,37.46699241210441,0.0,0.0,0.0,0.0,Friendly
99.0,A0200,AN/APG-68(V)9,LOCK,B0100,32.600519509287274,0.0,0.0,0.0,0.0,Friendly
99.0,B0100,N001VE,TRACK,A0100,37.44413232937472,-11.114393489636548,-5141.82964549709,0.531948345882816,14000.011386465198,Enemy
99.0,B0200,N001VE,TRACK,A0100,37.687226329929715,-11.175964016289218,-5281.815019267712,0.5289096708758786,13956.950714474511,Enemy
99.2,A0100,AN/APG-68(V)9,LOCK,B0100,37.49003035956005,0.0,0.0,0.0,0.0,Friendly
99.2,A0200,AN/APG-68(V)9,LOCK,B0100,32.53781193074304,0.0,0.0,0.0,0.0,Friendly
99.2,B0100,N001VE,TRACK,A0100,37.44413232937472,-11.114393489636548,-5141.82964549709,0.5106704120475031,14000.011386465198,Enemy
99.2,B0200,N001VE,TRACK,A0100,37.687226329929715,-11.175964016289218,-5281.815019267712,0.5077532840408432,13956.950714474511,Enemy
99.4,A0100,AN/APG-68(V)9,LOCK,B0100,37.51301369482808,0.0,0.0,0.0,0.0,Friendly
99.4,A0200,AN/APG-68(V)9,LOCK,B0100,32.47515401541412,0.0,0.0,0.0,0.0,Friendly
99.4,B0100,N001VE,TRACK,A0100,37.44413232937472,-11.114393489636548,-5141.82964549709,0.4893924782121901,14000.011386465198,Enemy
99.4,B0200,N001VE,TRACK,A0100,37.687226329929715,-11.175964016289218,-5281.815019267712,0.4865968972058077,13956.950714474511,Enemy
99.60000000000001,A0100,AN/APG-68(V)9,LOCK,B0100,37.535731033393475,0.0,0.0,0.0,0.0,Friendly
99.60000000000001,A0200,AN/APG-68(V)9,LOCK,B0100,32.41230565694444,0.0,0.0,0.0,0.0,Friendly
99.60000000000001,B0100,N001VE,TRACK,A0100,37.44413232937472,-11.114393489636548,-5141.82964549709,0.4681145443768772,14000.011386465198,Enemy
99.60000000000001,B0200,N001VE,TRACK,A0100,37.687226329929715,-11.175964016289218,-5281.815019267712,0.4654405103707723,13956.950714474511,Enemy
99.80000000000001,A0100,AN/APG-68(V)9,LOCK,B0100,37.55821370160918,0.0,0.0,0.0,0.0,Friendly
99.80000000000001,A0200,AN/APG-68(V)9,LOCK,B0100,32.34928292989614,0.0,0.0,0.0,0.0,Friendly
99.80000000000001,B0100,N001VE,SEARCH,None,0.0,0.0,0.0,0.0,0.0,Enemy
99.80000000000001,B0200,N001VE,SEARCH,None,0.0,0.0,0.0,0.0,0.0,Enemy
100.0,A0100,AN/APG-68(V)9,LOCK,B0100,37.58087947746947,0.0,0.0,0.0,0.0,Friendly
100.0,A0200,AN/APG-68(V)9,LOCK,B0100,32.28631020668122,0.0,0.0,0.0,0.0,Friendly
100.0,B0100,N001VE,SEARCH,None,0.0,0.0,0.0,0.0,0.0,Enemy
100.0,B0200,N001VE,SEARCH,None,0.0,0.0,0.0,0.0,0.0,Enemy
100.2,A0100,AN/APG-68(V)9,LOCK,B0100,37.6040876937181,0.0,0.0,0.0,0.0,Friendly
100.2,A0200,AN/APG-68(V)9,LOCK,B0100,32.22364621171719,0.0,0.0,0.0,0.0,Friendly
100.2,B0100,N001VE,SEARCH,None,0.0,0.0,0.0,0.0,0.0,Enemy
100.2,B0200,N001VE,SEARCH,None,0.0,0.0,0.0,0.0,0.0,Enemy
100.4,A0100,AN/APG-68(V)9,LOCK,B0100,37.62775294507499,0.0,0.0,0.0,0.0,Friendly
100.4,A0200,AN/APG-68(V)9,LOCK,B0100,32.16127818477469,0.0,0.0,0.0,0.0,Friendly
100.4,B0100,N001VE,SEARCH,None,0.0,0.0,0.0,0.0,0.0,Enemy
100.4,B0200,N001VE,SEARCH,None,0.0,0.0,0.0,0.0,0.0,Enemy
100.60000000000001,A0100,AN/APG-68(V)9,LOCK,B0100,37.65163335193569,0.0,0.0,0.0,0.0,Friendly
100.60000000000001,A0200,AN/APG-68(V)9,LOCK,B0100,32.09908330642571,0.0,0.0,0.0,0.0,Friendly
100.60000000000001,B0100,N001VE,SEARCH,None,0.0,0.0,0.0,0.0,0.0,Enemy
100.60000000000001,B0200,N001VE,SEARCH,None,0.0,0.0,0.0,0.0,0.0,Enemy
100.80000000000001,A0100,AN/APG-68(V)9,LOCK,B0100,37.67571220706871,0.0,0.0,0.0,0.0,Friendly
100.80000000000001,A0200,AN/APG-68(V)9,LOCK,B0100,32.03696537070862,0.0,0.0,0.0,0.0,Friendly
100.80000000000001,B0100,N001VE,SEARCH,None,0.0,0.0,0.0,0.0,0.0,Enemy
100.80000000000001,B0200,N001VE,SEARCH,None,0.0,0.0,0.0,0.0,0.0,Enemy
101.0,A0100,AN/APG-68(V)9,LOCK,B0100,37.7003187497312,0.0,0.0,0.0,0.0,Friendly
101.0,A0200,AN/APG-68(V)9,LOCK,B0100,31.975056092458225,0.0,0.0,0.0,0.0,Friendly
101.0,B0100,N001VE,SEARCH,None,0.0,0.0,0.0,0.0,0.0,Enemy
101.0,B0200,N001VE,SEARCH,None,0.0,0.0,0.0,0.0,0.0,Enemy
101.2,A0100,AN/APG-68(V)9,LOCK,B0100,37.72568755306131,0.0,0.0,0.0,0.0,Friendly
101.2,A0200,AN/APG-68(V)9,LOCK,B0100,31.91354452934497,0.0,0.0,0.0,0.0,Friendly
101.2,B0100,N001VE,SEARCH,None,0.0,0.0,0.0,0.0,0.0,Enemy
101.2,B0200,N001VE,SEARCH,None,0.0,0.0,0.0,0.0,0.0,Enemy
101.4,A0100,AN/APG-68(V)9,LOCK,B0100,37.75168828666242,0.0,0.0,0.0,0.0,Friendly
101.4,A0200,AN/APG-68(V)9,LOCK,B0100,31.852437894897,0.0,0.0,0.0,0.0,Friendly
101.4,B0100,N001VE,SEARCH,None,0.0,0.0,0.0,0.0,0.0,Enemy
101.4,B0200,N001VE,SEARCH,None,0.0,0.0,0.0,0.0,0.0,Enemy
101.60000000000001,A0100,AN/APG-68(V)9,LOCK,B0100,37.77809385392033,0.0,0.0,0.0,0.0,Friendly
101.60000000000001,A0200,AN/APG-68(V)9,LOCK,B0100,31.791510252769726,0.0,0.0,0.0,0.0,Friendly
101.60000000000001,B0100,N001VE,SEARCH,None,0.0,0.0,0.0,0.0,0.0,Enemy
101.60000000000001,B0200,N001VE,SEARCH,None,0.0,0.0,0.0,0.0,0.0,Enemy
101.80000000000001,A0100,AN/APG-68(V)9,LOCK,B0100,37.80466825569442,0.0,0.0,0.0,0.0,Friendly
101.80000000000001,A0200,AN/APG-68(V)9,LOCK,B0100,31.730638351195296,0.0,0.0,0.0,0.0,Friendly
101.80000000000001,B0100,N001VE,LOCK,A0200,31.730638351195296,-8.46085140178072,-4636.822868622231,0.6275017014344598,14454.943196542496,Enemy
101.80000000000001,B0200,N001VE,SEARCH,None,0.0,0.0,0.0,0.0,0.0,Enemy
102.0,A0100,AN/APG-68(V)9,LOCK,B0100,37.83118628733064,0.0,0.0,0.0,0.0,Friendly
102.0,A0200,AN/APG-68(V)9,LOCK,B0100,31.669914672721845,0.0,0.0,0.0,0.0,Friendly
102.0,B0100,N001VE,LOCK,A0200,31.730638351195296,-8.46085140178072,-4636.822868622231,0.6033670206100588,14454.943196542496,Enemy
102.0,B0200,N001VE,SEARCH,None,0.0,0.0,0.0,0.0,0.0,Enemy
102.2,A0100,AN/APG-68(V)9,LOCK,B0100,37.85776796786894,0.0,0.0,0.0,0.0,Friendly
102.2,A0200,AN/APG-68(V)9,LOCK,B0100,31.609663795898918,0.0,0.0,0.0,0.0,Friendly
102.2,B0100,N001VE,TRACK,A0200,31.730638351195296,-8.46085140178072,-4636.822868622231,0.579232339785656,14454.943196542496,Enemy
102.2,B0200,N001VE,SEARCH,None,0.0,0.0,0.0,0.0,0.0,Enemy
102.4,A0100,AN/APG-68(V)9,LOCK,B0100,37.88475204524845,0.0,0.0,0.0,0.0,Friendly
102.4,A0200,AN/APG-68(V)9,LOCK,B0100,31.550035945181442,0.0,0.0,0.0,0.0,Friendly
102.4,B0100,N001VE,TRACK,A0200,31.730638351195296,-8.46085140178072,-4636.822868622231,0.5550976589612533,14454.943196542496,Enemy
102.4,B0200,N001VE,SEARCH,None,0.0,0.0,0.0,0.0,0.0,Enemy
102.60000000000001,A0100,AN/APG-68(V)9,LOCK,B0100,37.912170742708824,0.0,0.0,0.0,0.0,Friendly
102.60000000000001,A0200,AN/APG-68(V)9,LOCK,B0100,31.490750180118447,0.0,0.0,0.0,0.0,Friendly
102.60000000000001,B0100,N001VE,TRACK,A0200,31.730638351195296,-8.46085140178072,-4636.822868622231,0.5309629781368507,14454.943196542496,Enemy
102.60000000000001,B0200,N001VE,SEARCH,None,0.0,0.0,0.0,0.0,0.0,Enemy
102.80000000000001,A0100,AN/APG-68(V)9,LOCK,B0100,37.93999679991656,0.0,0.0,0.0,0.0,Friendly
102.80000000000001,A0200,AN/APG-68(V)9,LOCK,B0100,31.431662743887628,0.0,0.0,0.0,0.0,Friendly
102.80000000000001,B0100,N001VE,SEARCH,None,0.0,0.0,0.0,0.0,0.0,Enemy
102.80000000000001,B0200,N001VE,SEARCH,None,0.0,0.0,0.0,0.0,0.0,Enemy
103.0,A0100,AN/APG-68(V)9,LOCK,B0100,37.968171535369464,0.0,0.0,0.0,0.0,Friendly
103.0,A0200,AN/APG-68(V)9,LOCK,B0100,31.372523122231694,0.0,0.0,0.0,0.0,Friendly
103.0,B0100,N001VE,SEARCH,None,0.0,0.0,0.0,0.0,0.0,Enemy
103.0,B0200,N001VE,SEARCH,None,0.0,0.0,0.0,0.0,0.0,Enemy
103.2,A0100,AN/APG-68(V)9,LOCK,B0100,37.99635991675056,0.0,0.0,0.0,0.0,Friendly
103.2,A0200,AN/APG-68(V)9,LOCK,B0100,31.31297702703375,0.0,0.0,0.0,0.0,Friendly
103.2,B0100,N001VE,SEARCH,None,0.0,0.0,0.0,0.0,0.0,Enemy
103.2,B0200,N001VE,SEARCH,None,0.0,0.0,0.0,0.0,0.0,Enemy
103.4,A0100,AN/APG-68(V)9,LOCK,B0100,38.02437117489818,0.0,0.0,0.0,0.0,Friendly
103.4,A0200,AN/APG-68(V)9,LOCK,B0100,31.252951482381523,0.0,0.0,0.0,0.0,Friendly
103.4,B0100,N001VE,SEARCH,None,0.0,0.0,0.0,0.0,0.0,Enemy
103.4,B0200,N001VE,SEARCH,None,0.0,0.0,0.0,0.0,0.0,Enemy
103.60000000000001,A0100,AN/APG-68(V)9,LOCK,B0100,38.052257314577346,0.0,0.0,0.0,0.0,Friendly
103.60000000000001,A0200,AN/APG-68(V)9,LOCK,B0100,31.192521079756716,0.0,0.0,0.0,0.0,Friendly
103.60000000000001,B0100,N001VE,SEARCH,None,0.0,0.0,0.0,0.0,0.0,Enemy
103.60000000000001,B0200,N001VE,SEARCH,None,0.0,0.0,0.0,0.0,0.0,Enemy
103.80000000000001,A0100,AN/APG-68(V)9,LOCK,B0100,38.08020098970239,0.0,0.0,0.0,0.0,Friendly
103.80000000000001,A0200,AN/APG-68(V)9,LOCK,B0100,31.132069435817268,0.0,0.0,0.0,0.0,Friendly
103.80000000000001,B0100,N001VE,SEARCH,None,0.0,0.0,0.0,0.0,0.0,Enemy
103.80000000000001,B0200,N001VE,SEARCH,None,0.0,0.0,0.0,0.0,0.0,Enemy
104.0,A0100,AN/APG-68(V)9,LOCK,B0100,38.10837094123189,0.0,0.0,0.0,0.0,Friendly
104.0,A0200,AN/APG-68(V)9,LOCK,B0100,31.071937714022457,0.0,0.0,0.0,0.0,Friendly
104.0,B0100,N001VE,SEARCH,None,0.0,0.0,0.0,0.0,0.0,Enemy
104.0,B0200,N001VE,SEARCH,None,0.0,0.0,0.0,0.0,0.0,Enemy
104.2,A0100,AN/APG-68(V)9,LOCK,B0100,38.13677681176444,0.0,0.0,0.0,0.0,Friendly
104.2,A0200,AN/APG-68(V)9,LOCK,B0100,31.012095827726228,0.0,0.0,0.0,0.0,Friendly
104.2,B0100,N001VE,SEARCH,None,0.0,0.0,0.0,0.0,0.0,Enemy
104.2,B0200,N001VE,SEARCH,None,0.0,0.0,0.0,0.0,0.0,Enemy
104.4,A0100,AN/APG-68(V)9,LOCK,B0100,38.165216752317015,0.0,0.0,0.0,0.0,Friendly
104.4,A0200,AN/APG-68(V)9,LOCK,B0100,30.95232096160934,0.0,0.0,0.0,0.0,Friendly
104.4,B0100,N001VE,SEARCH,None,0.0,0.0,0.0,0.0,0.0,Enemy
104.4,B0200,N001VE,SEARCH,None,0.0,0.0,0.0,0.0,0.0,Enemy
104.60000000000001,A0100,AN/APG-68(V)9,LOCK,B0100,38.193987155466,0.0,0.0,0.0,0.0,Friendly
104.60000000000001,A0200,AN/APG-68(V)9,LOCK,B0100,30.89297487186118,0.0,0.0,0.0,0.0,Friendly
104.60000000000001,B0100,N001VE,SEARCH,None,0.0,0.0,0.0,0.0,0.0,Enemy
104.60000000000001,B0200,N001VE,SEARCH,None,0.0,0.0,0.0,0.0,0.0,Enemy
104.80000000000001,A0100,AN/APG-68(V)9,LOCK,B0100,38.223369212584934,0.0,0.0,0.0,0.0,Friendly
104.80000000000001,A0200,AN/APG-68(V)9,LOCK,B0100,30.83468427326944,0.0,0.0,0.0,0.0,Friendly
104.80000000000001,B0100,N001VE,TRACK,A0100,38.223369212584934,-11.195641510675113,-6366.911190160819,0.5430962002363947,13796.907342232487,Enemy
104.80000000000001,B0200,N001VE,SEARCH,None,0.0,0.0,0.0,0.0,0.0,Enemy
105.0,A0100,AN/APG-68(V)9,LOCK,B0100,38.25325751594862,0.0,0.0,0.0,0.0,Friendly
105.0,A0200,AN/APG-68(V)9,LOCK,B0100,30.777659301009365,0.0,0.0,0.0,0.0,Friendly
105.0,B0100,N001VE,TRACK,A0100,38.223369212584934,-11.195641510675113,-6366.911190160819,0.5222078848426883,13796.907342232487,Enemy
105.0,B0200,N001VE,SEARCH,None,0.0,0.0,0.0,0.0,0.0,Enemy
105.2,A0100,AN/APG-68(V)9,LOCK,B0100,38.28349196830286,0.0,0.0,0.0,0.0,Friendly
105.2,A0200,AN/APG-68(V)9,LOCK,B0100,30.721617913090437,0.0,0.0,0.0,0.0,Friendly
105.2,B0100,N001VE,TRACK,A0100,38.223369212584934,-11.195641510675113,-6366.911190160819,0.5013195694489805,13796.907342232487,Enemy
105.2,B0200,N001VE,SEARCH,None,0.0,0.0,0.0,0.0,0.0,Enemy
105.4,A0100,AN/APG-68(V)9,LOCK,B0100,38.31413114488002,0.0,0.0,0.0,0.0,Friendly
105.4,A0200,AN/APG-68(V)9,LOCK,B0100,30.666077235515647,0.0,0.0,0.0,0.0,Friendly
105.4,B0100,N001VE,TRACK,A0100,38.223369212584934,-11.195641510675113,-6366.911190160819,0.48043125405527265,13796.907342232487,Enemy
105.4,B0200,N001VE,SEARCH,None,0.0,0.0,0.0,0.0,0.0,Enemy
105.60000000000001,A0100,AN/APG-68(V)9,LOCK,B0100,38.34529056467787,0.0,0.0,0.0,0.0,Friendly
105.60000000000001,A0200,AN/APG-68(V)9,LOCK,B0100,30.61070107197846,0.0,0.0,0.0,0.0,Friendly
105.60000000000001,B0100,N001VE,TRACK,A0100,38.223369212584934,-11.195641510675113,-6366.911190160819,0.45954293866156487,13796.907342232487,Enemy
105.60000000000001,B0200,N001VE,SEARCH,None,0.0,0.0,0.0,0.0,0.0,Enemy
105.80000000000001,A0100,AN/APG-68(V)9,LOCK,B0100,38.37662827942639,0.0,0.0,0.0,0.0,Friendly
105.80000000000001,A0200,AN/APG-68(V)9,LOCK,B0100,30.555164838202,0.0,0.0,0.0,0.0,Friendly
105.80000000000001,B0100,N001VE,LOCK,A0200,30.555164838202,-7.529401903292408,-4825.919452691012,0.6427828571033727,14364.338506054999,Enemy
105.80000000000001,B0200,N001VE,LOCK,A0200,30.743522774987103,-7.558463228048491,-5057.471132300743,0.6403342039251664,14309.028350964216,Enemy
106.0,A0100,AN/APG-68(V)9,LOCK,B0100,38.40797037244503,0.0,0.0,0.0,0.0,Friendly
106.0,A0200,AN/APG-68(V)9,LOCK,B0100,30.4995190365565,0.0,0.0,0.0,0.0,Friendly
106.0,B0100,N001VE,LOCK,A0200,30.555164838202,-7.529401903292408,-4825.919452691012,0.618060439522475,14364.338506054999,Enemy
106.0,B0200,N001VE,LOCK,A0200,30.743522774987103,-7.558463228048491,-5057.471132300743,0.6157059653126613,14309.028350964216,Enemy
106.2,A0100,AN/APG-68(V)9,LOCK,B0100,38.43941842853614,0.0,0.0,0.0,0.0,Friendly
106.2,A0200,AN/APG-68(V)9,LOCK,B0100,30.443972577274025,0.0,0.0,0.0,0.0,Friendly
106.2,B0100,N001VE,TRACK,A0200,30.555164838202,-7.529401903292408,-4825.919452691012,0.5933380219415757,14364.338506054999,Enemy
106.2,B0200,N001VE,TRACK,A0200,30.743522774987103,-7.558463228048491,-5057.471132300743,0.5910777267001545,14309.028350964216,Enemy
106.4,A0100,AN/APG-68(V)9,LOCK,B0100,38.47120522881785,0.0,0.0,0.0,0.0,Friendly
106.4,A0200,AN/APG-68(V)9,LOCK,B0100,30.38879259127823,0.0,0.0,0.0,0.0,Friendly
106.4,B0100,N001VE,TRACK,A0200,30.555164838202,-7.529401903292408,-4825.919452691012,0.5686156043606763,14364.338506054999,Enemy
106.4,B0200,N001VE,TRACK,A0200,30.743522774987103,-7.558463228048491,-5057.471132300743,0.5664494880876477,14309.028350964216,Enemy
106.60000000000001,A0100,AN/APG-68(V)9,LOCK,B0100,38.503295511586266,0.0,0.0,0.0,0.0,Friendly
106.60000000000001,A0200,AN/APG-68(V)9,LOCK,B0100,30.33414594019205,0.0,0.0,0.0,0.0,Friendly
106.60000000000001,B0100,N001VE,TRACK,A0200,30.555164838202,-7.529401903292408,-4825.919452691012,0.543893186779777,14364.338506054999,Enemy
106.60000000000001,B0200,N001VE,TRACK,A0200,30.743522774987103,-7.558463228048491,-5057.471132300743,0.5418212494751409,14309.028350964216,Enemy
106.80000000000001,A0100,AN/APG-68(V)9,LOCK,B0100,38.535688146364656,0.0,0.0,0.0,0.0,Friendly
106.80000000000001,A0200,AN/APG-68(V)9,LOCK,B0100,30.280319350935294,0.0,0.0,0.0,0.0,Friendly
106.80000000000001,B0100,N001VE,SEARCH,None,0.0,0.0,0.0,0.0,0.0,Enemy
106.80000000000001,B0200,N001VE,LOCK,A0200,30.47214461677849,-7.3390150995230945,-5076.549610276991,0.6438621199818784,14287.092122513892,Enemy
107.0,A0100,AN/APG-68(V)9,LOCK,B0100,38.56880413152901,0.0,0.0,0.0,0.0,Friendly
107.0,A0200,AN/APG-68(V)9,LOCK,B0100,30.227539026595103,0.0,0.0,0.0,0.0,Friendly
107.0,B0100,N001VE,SEARCH,None,0.0,0.0,0.0,0.0,0.0,Enemy
107.0,B0200,N001VE,LOCK,A0200,30.47214461677849,-7.3390150995230945,-5076.549610276991,0.619098192290269,14287.092122513892,Enemy
107.2,A0100,AN/APG-68(V)9,LOCK,B0100,38.60253179228522,0.0,0.0,0.0,0.0,Friendly
107.2,A0200,AN/APG-68(V)9,LOCK,B0100,30.175251080089623,0.0,0.0,0.0,0.0,Friendly
107.2,B0100,N001VE,SEARCH,None,0.0,0.0,0.0,0.0,0.0,Enemy
107.2,B0200,N001VE,TRACK,A0200,30.47214461677849,-7.3390150995230945,-5076.549610276991,0.5943342645986578,14287.092122513892,Enemy
107.4,A0100,AN/APG-68(V)9,LOCK,B0100,38.63624852805268,0.0,0.0,0.0,0.0,Friendly
107.4,A0200,AN/APG-68(V)9,LOCK,B0100,30.12259107831488,0.0,0.0,0.0,0.0,Friendly
107.4,B0100,N001VE,SEARCH,None,0.0,0.0,0.0,0.0,0.0,Enemy
107.4,B0200,N001VE,TRACK,A0200,30.47214461677849,-7.3390150995230945,-5076.549610276991,0.5695703369070467,14287.092122513892,Enemy
107.60000000000001,A0100,AN/APG-68(V)9,LOCK,B0100,38.66969208715144,0.0,0.0,0.0,0.0,Friendly
107.60000000000001,A0200,AN/APG-68(V)9,LOCK,B0100,30.069358960870417,0.0,0.0,0.0,0.0,Friendly
107.60000000000001,B0100,N001VE,SEARCH,None,0.0,0.0,0.0,0.0,0.0,Enemy
107.60000000000001,B0200,N001VE,TRACK,A0200,30.47214461677849,-7.3390150995230945,-5076.549610276991,0.5448064092154357,14287.092122513892,Enemy
107.80000000000001,A0100,AN/APG-68(V)9,LOCK,B0100,38.70296844189668,0.0,0.0,0.0,0.0,Friendly
107.80000000000001,A0200,AN/APG-68(V)9,LOCK,B0100,30.01564459436144,0.0,0.0,0.0,0.0,Friendly
107.80000000000001,B0100,N001VE,LOCK,A0200,30.01564459436144,-7.090823366190245,-4913.763063352353,0.6497966202732999,14321.281731050596,Enemy
107.80000000000001,B0200,N001VE,TRACK,A0100,38.990293117933305,-11.378591575115632,-7189.129742934335,0.533126189466866,13660.059975488253,Enemy
108.0,A0100,AN/APG-68(V)9,LOCK,B0100,38.736489765143524,0.0,0.0,0.0,0.0,Friendly
108.0,A0200,AN/APG-68(V)9,LOCK,B0100,29.96212879509752,0.0,0.0,0.0,0.0,Friendly
108.0,B0100,N001VE,SEARCH,None,0.0,0.0,0.0,0.0,0.0,Enemy
108.0,B0200,N001VE,TRACK,A0100,38.990293117933305,-11.378591575115632,-7189.129742934335,0.5126213360258337,13660.059975488253,Enemy
108.2,A0100,AN/APG-68(V)9,LOCK,B0100,38.770476214628964,0.0,0.0,0.0,0.0,Friendly
108.2,A0200,AN/APG-68(V)9,LOCK,B0100,29.90935678081574,0.0,0.0,0.0,0.0,Friendly
108.2,B0100,N001VE,SEARCH,None,0.0,0.0,0.0,0.0,0.0,Enemy
108.2,B0200,N001VE,TRACK,A0100,38.990293117933305,-11.378591575115632,-7189.129742934335,0.49211648258480006,13660.059975488253,Enemy
108.4,A0100,AN/APG-68(V)9,LOCK,B0100,38.80500403081589,0.0,0.0,0.0,0.0,Friendly
108.4,A0200,AN/APG-68(V)9,LOCK,B0100,29.85749513435914,0.0,0.0,0.0,0.0,Friendly
108.4,B0100,N001VE,SEARCH,None,0.0,0.0,0.0,0.0,0.0,Enemy
108.4,B0200,N001VE,TRACK,A0100,38.990293117933305,-11.378591575115632,-7189.129742934335,0.4716116291437664,13660.059975488253,Enemy
108.60000000000001,A0100,AN/APG-68(V)9,LOCK,B0100,38.840255976638204,0.0,0.0,0.0,0.0,Friendly
108.60000000000001,A0200,AN/APG-68(V)9,LOCK,B0100,29.80679814060211,0.0,0.0,0.0,0.0,Friendly
108.60000000000001,B0100,N001VE,SEARCH,None,0.0,0.0,0.0,0.0,0.0,Enemy
108.60000000000001,B0200,N001VE,TRACK,A0100,38.990293117933305,-11.378591575115632,-7189.129742934335,0.45110677570273283,13660.059975488253,Enemy
108.80000000000001,A0100,AN/APG-68(V)9,LOCK,B0100,38.87609687554187,0.0,0.0,0.0,0.0,Friendly
108.80000000000001,A0200,AN/APG-68(V)9,LOCK,B0100,29.756942032805206,0.0,0.0,0.0,0.0,Friendly
108.80000000000001,B0100,N001VE,TRACK,A0100,38.87609687554187,-11.330229178209896,-7268.051120082657,0.5346107406179547,13668.087689689994,Enemy
108.80000000000001,B0200,N001VE,SEARCH,None,0.0,0.0,0.0,0.0,0.0,Enemy
109.0,A0100,AN/APG-68(V)9,LOCK,B0100,38.91225522212423,0.0,0.0,0.0,0.0,Friendly
109.0,A0200,AN/APG-68(V)9,LOCK,B0100,29.707276993233293,0.0,0.0,0.0,0.0,Friendly
109.0,B0100,N001VE,TRACK,A0100,38.87609687554187,-11.330229178209896,-7268.051120082657,0.5140487890557267,13668.087689689994,Enemy
109.0,B0200,N001VE,SEARCH,None,0.0,0.0,0.0,0.0,0.0,Enemy
109.2,A0100,AN/APG-68(V)9,LOCK,B0100,38.94875308030837,0.0,0.0,0.0,0.0,Friendly
109.2,A0200,AN/APG-68(V)9,LOCK,B0100,29.65782126130591,0.0,0.0,0.0,0.0,Friendly
109.2,B0100,N001VE,TRACK,A0100,38.87609687554187,-11.330229178209896,-7268.051120082657,0.4934868374934973,13668.087689689994,Enemy
109.2,B0200,N001VE,SEARCH,None,0.0,0.0,0.0,0.0,0.0,Enemy
109.4,A0100,AN/APG-68(V)9,LOCK,B0100,38.985550654680495,0.0,0.0,0.0,0.0,Friendly
109.4,A0200,AN/APG-68(V)9,LOCK,B0100,29.608782010530295,0.0,0.0,0.0,0.0,Friendly
109.4,B0100,N001VE,TRACK,A0100,38.87609687554187,-11.330229178209896,-7268.051120082657,0.47292488593126797,13668.087689689994,Enemy
109.4,B0200,N001VE,SEARCH,None,0.0,0.0,0.0,0.0,0.0,Enemy
109.60000000000001,A0100,AN/APG-68(V)9,LOCK,B0100,39.02229896270787,0.0,0.0,0.0,0.0,Friendly
109.60000000000001,A0200,AN/APG-68(V)9,LOCK,B0100,29.560017585176162,0.0,0.0,0.0,0.0,Friendly
109.60000000000001,B0100,N001VE,TRACK,A0100,38.87609687554187,-11.330229178209896,-7268.051120082657,0.4523629343690386,13668.087689689994,Enemy
109.60000000000001,B0200,N001VE,SEARCH,None,0.0,0.0,0.0,0.0,0.0,Enemy
109.80000000000001,A0100,AN/APG-68(V)9,LOCK,B0100,39.058775725838736,0.0,0.0,0.0,0.0,Friendly
109.80000000000001,A0200,AN/APG-68(V)9,LOCK,B0100,29.511283161046588,0.0,0.0,0.0,0.0,Friendly
109.80000000000001,B0100,N001VE,SEARCH,None,0.0,0.0,0.0,0.0,0.0,Enemy
109.80000000000001,B0200,N001VE,SEARCH,None,0.0,0.0,0.0,0.0,0.0,Enemy
110.0,A0100,AN/APG-68(V)9,LOCK,B0100,39.09510165292472,0.0,0.0,0.0,0.0,Friendly
110.0,A0200,AN/APG-68(V)9,LOCK,B0100,29.462511360995162,0.0,0.0,0.0,0.0,Friendly
110.0,B0100,N001VE,SEARCH,None,0.0,0.0,0.0,0.0,0.0,Enemy
110.0,B0200,N001VE,SEARCH,None,0.0,0.0,0.0,0.0,0.0,Enemy
110.2,A0100,AN/APG-68(V)9,LOCK,B0100,39.131746495861584,0.0,0.0,0.0,0.0,Friendly
110.2,A0200,AN/APG-68(V)9,LOCK,B0100,29.413838218306285,0.0,0.0,0.0,0.0,Friendly
110.2,B0100,N001VE,SEARCH,None,0.0,0.0,0.0,0.0,0.0,Enemy
110.2,B0200,N001VE,SEARCH,None,0.0,0.0,0.0,0.0,0.0,Enemy
110.4,A0100,AN/APG-68(V)9,LOCK,B0100,39.16922297123001,0.0,0.0,0.0,0.0,Friendly
110.4,A0200,AN/APG-68(V)9,LOCK,B0100,29.36574690660701,0.0,0.0,0.0,0.0,Friendly
110.4,B0100,N001VE,SEARCH,None,0.0,0.0,0.0,0.0,0.0,Enemy
110.4,B0200,N001VE,SEARCH,None,0.0,0.0,0.0,0.0,0.0,Enemy
110.60000000000001,A0100,AN/APG-68(V)9,LOCK,B0100,39.20710381882162,0.0,0.0,0.0,0.0,Friendly
110.60000000000001,A0200,AN/APG-68(V)9,LOCK,B0100,29.31804262794548,0.0,0.0,0.0,0.0,Friendly
110.60000000000001,B0100,N001VE,SEARCH,None,0.0,0.0,0.0,0.0,0.0,Enemy
110.60000000000001,B0200,N001VE,SEARCH,None,0.0,0.0,0.0,0.0,0.0,Enemy
110.80000000000001,A0100,AN/APG-68(V)9,LOCK,B0100,39.24499678519603,0.0,0.0,0.0,0.0,Friendly
110.80000000000001,A0200,AN/APG-68(V)9,LOCK,B0100,29.27038754029036,0.0,0.0,0.0,0.0,Friendly
110.80000000000001,B0100,N001VE,LOCK,A0200,29.27038754029036,-6.468481956632894,-5076.442822998441,0.659484961976224,14257.656125756333,Enemy
110.80000000000001,B0200,N001VE,SEARCH,None,0.0,0.0,0.0,0.0,0.0,Enemy
111.0,A0100,AN/APG-68(V)9,LOCK,B0100,39.28296763896631,0.0,0.0,0.0,0.0,Friendly
111.0,A0200,AN/APG-68(V)9,LOCK,B0100,29.222799180095436,0.0,0.0,0.0,0.0,Friendly
111.0,B0100,N001VE,LOCK,A0200,29.27038754029036,-6.468481956632894,-5076.442822998441,0.6341201557463705,14257.656125756333,Enemy
111.0,B0200,N001VE,SEARCH,None,0.0,0.0,0.0,0.0,0.0,Enemy
111.2,A0100,AN/APG-68(V)9,LOCK,B0100,39.32108829509634,0.0,0.0,0.0,0.0,Friendly
111.2,A0200,AN/APG-68(V)9,LOCK,B0100,29.175226677896575,0.0,0.0,0.0,0.0,Friendly
111.2,B0100,N001VE,LOCK,A0200,29.27038754029036,-6.468481956632894,-5076.442822998441,0.6087553495165153,14257.656125756333,Enemy
111.2,B0200,N001VE,SEARCH,None,0.0,0.0,0.0,0.0,0.0,Enemy
111.4,A0100,AN/APG-68(V)9,LOCK,B0100,39.35917645974132,0.0,0.0,0.0,0.0,Friendly
111.4,A0200,AN/APG-68(V)9,LOCK,B0100,29.127395348650275,0.0,0.0,0.0,0.0,Friendly
111.4,B0100,N001VE,TRACK,A0200,29.27038754029036,-6.468481956632894,-5076.442822998441,0.5833905432866601,14257.656125756333,Enemy
111.4,B0200,N001VE,SEARCH,None,0.0,0.0,0.0,0.0,0.0,Enemy
111.60000000000001,A0100,AN/APG-68(V)9,LOCK,B0100,39.396823658993384,0.0,0.0,0.0,0.0,Friendly
111.60000000000001,A0200,AN/APG-68(V)9,LOCK,B0100,29.07904867203928,0.0,0.0,0.0,0.0,Friendly
111.60000000000001,B0100,N001VE,TRACK,A0200,29.27038754029036,-6.468481956632894,-5076.442822998441,0.558025737056805,14257.656125756333,Enemy
111.60000000000001,B0200,N001VE,SEARCH,None,0.0,0.0,0.0,0.0,0.0,Enemy
111.80000000000001,A0100,AN/APG-68(V)9,LOCK,B0100,39.43401407838327,0.0,0.0,0.0,0.0,Friendly
111.80000000000001,A0200,AN/APG-68(V)9,LOCK,B0100,29.030356167622983,0.0,0.0,0.0,0.0,Friendly
111.80000000000001,B0100,N001VE,SEARCH,None,0.0,0.0,0.0,0.0,0.0,Enemy
111.80000000000001,B0200,N001VE,SEARCH,None,0.0,0.0,0.0,0.0,0.0,Enemy
112.0,A0100,AN/APG-68(V)9,LOCK,B0100,39.47100494779052,0.0,0.0,0.0,0.0,Friendly
112.0,A0200,AN/APG-68(V)9,LOCK,B0100,28.981591984983485,0.0,0.0,0.0,0.0,Friendly
112.0,B0100,N001VE,SEARCH,None,0.0,0.0,0.0,0.0,0.0,Enemy
112.0,B0200,N001VE,SEARCH,None,0.0,0.0,0.0,0.0,0.0,Enemy
112.2,A0100,AN/APG-68(V)9,LOCK,B0100,39.50808441377456,0.0,0.0,0.0,0.0,Friendly
112.2,A0200,AN/APG-68(V)9,LOCK,B0100,28.932915110108667,0.0,0.0,0.0,0.0,Friendly
112.2,B0100,N001VE,SEARCH,None,0.0,0.0,0.0,0.0,0.0,Enemy
112.2,B0200,N001VE,SEARCH,None,0.0,0.0,0.0,0.0,0.0,Enemy
112.4,A0100,AN/APG-68(V)9,LOCK,B0100,39.54550964345051,0.0,0.0,0.0,0.0,Friendly
112.4,A0200,AN/APG-68(V)9,LOCK,B0100,28.884459246756435,0.0,0.0,0.0,0.0,Friendly
112.4,B0100,N001VE,SEARCH,None,0.0,0.0,0.0,0.0,0.0,Enemy
112.4,B0200,N001VE,SEARCH,None,0.0,0.0,0.0,0.0,0.0,Enemy
112.60000000000001,A0100,AN/APG-68(V)9,LOCK,B0100,39.583276178579176,0.0,0.0,0.0,0.0,Friendly
112.60000000000001,A0200,AN/APG-68(V)9,LOCK,B0100,28.836118701094417,0.0,0.0,0.0,0.0,Friendly
112.60000000000001,B0100,N001VE,SEARCH,None,0.0,0.0,0.0,0.0,0.0,Enemy
112.60000000000001,B0200,N001VE,SEARCH,None,0.0,0.0,0.0,0.0,0.0,Enemy
112.80000000000001,A0100,AN/APG-68(V)9,LOCK,B0100,39.62118486671914,0.0,0.0,0.0,0.0,Friendly
112.80000000000001,A0200,AN/APG-68(V)9,LOCK,B0100,28.7878331429953,0.0,0.0,0.0,0.0,Friendly
112.80000000000001,B0100,N001VE,LOCK,A0200,28.7878331429953,-6.0577091907072695,-5334.843882577702,0.6657581691410597,14215.407651950976,Enemy
112.80000000000001,B0200,N001VE,LOCK,A0200,28.999898176764756,-6.105782457806663,-5567.1619181064725,0.6630013237020568,14157.749141543274,Enemy
113.0,A0100,AN/APG-68(V)9,LOCK,B0100,39.65942504789004,0.0,0.0,0.0,0.0,Friendly
113.0,A0200,AN/APG-68(V)9,LOCK,B0100,28.739882943787002,0.0,0.0,0.0,0.0,Friendly
113.0,B0100,N001VE,LOCK,A0200,28.7878331429953,-6.0577091907072695,-5334.843882577702,0.6401520857125588,14215.407651950976,Enemy
113.0,B0200,N001VE,LOCK,A0200,28.999898176764756,-6.105782457806663,-5567.1619181064725,0.6375012727904406,14157.749141543274,Enemy
113.2,A0100,AN/APG-68(V)9,LOCK,B0100,39.69814887984942,0.0,0.0,0.0,0.0,Friendly
113.2,A0200,AN/APG-68(V)9,LOCK,B0100,28.692339491509085,0.0,0.0,0.0,0.0,Friendly
113.2,B0100,N001VE,LOCK,A0200,28.7878331429953,-6.0577091907072695,-5334.843882577702,0.6145460022840561,14215.407651950976,Enemy
113.2,B0200,N001VE,LOCK,A0200,28.999898176764756,-6.105782457806663,-5567.1619181064725,0.6120012218788226,14157.749141543274,Enemy
113.4,A0100,AN/APG-68(V)9,LOCK,B0100,39.737393275756645,0.0,0.0,0.0,0.0,Friendly
113.4,A0200,AN/APG-68(V)9,LOCK,B0100,28.6451082940551,0.0,0.0,0.0,0.0,Friendly
113.4,B0100,N001VE,TRACK,A0200,28.7878331429953,-6.0577091907072695,-5334.843882577702,0.5889399188555533,14215.407651950976,Enemy
113.4,B0200,N001VE,TRACK,A0200,28.999898176764756,-6.105782457806663,-5567.1619181064725,0.5865011709672046,14157.749141543274,Enemy
113.60000000000001,A0100,AN/APG-68(V)9,LOCK,B0100,39.77720293485531,0.0,0.0,0.0,0.0,Friendly
113.60000000000001,A0200,AN/APG-68(V)9,LOCK,B0100,28.598130789162177,0.0,0.0,0.0,0.0,Friendly
113.60000000000001,B0100,N001VE,TRACK,A0200,28.7878331429953,-6.0577091907072695,-5334.843882577702,0.5633338354270506,14215.407651950976,Enemy
113.60000000000001,B0200,N001VE,TRACK,A0200,28.999898176764756,-6.105782457806663,-5567.1619181064725,0.5610011200555867,14157.749141543274,Enemy
113.80000000000001,A0100,AN/APG-68(V)9,LOCK,B0100,39.817392442185984,0.0,0.0,0.0,0.0,Friendly
113.80000000000001,A0200,AN/APG-68(V)9,LOCK,B0100,28.55117907521396,0.0,0.0,0.0,0.0,Friendly
113.80000000000001,B0100,N001VE,TRACK,A0100,39.817392442185984,-11.575948046868739,-8422.757350962684,0.5223738982515811,13516.817043149089,Enemy
113.80000000000001,B0200,N001VE,SEARCH,None,0.0,0.0,0.0,0.0,0.0,Enemy
114.0,A0100,AN/APG-68(V)9,LOCK,B0100,39.85770543191949,0.0,0.0,0.0,0.0,Friendly
114.0,A0200,AN/APG-68(V)9,LOCK,B0100,28.5041126816157,0.0,0.0,0.0,0.0,Friendly
114.0,B0100,N001VE,TRACK,A0100,39.817392442185984,-11.575948046868739,-8422.757350962684,0.5022825944726752,13516.817043149089,Enemy
114.0,B0200,N001VE,SEARCH,None,0.0,0.0,0.0,0.0,0.0,Enemy
114.2,A0100,AN/APG-68(V)9,LOCK,B0100,39.897978253969384,0.0,0.0,0.0,0.0,Friendly
114.2,A0200,AN/APG-68(V)9,LOCK,B0100,28.45654010149129,0.0,0.0,0.0,0.0,Friendly
114.2,B0100,N001VE,TRACK,A0100,39.817392442185984,-11.575948046868739,-8422.757350962684,0.48219129069376787,13516.817043149089,Enemy
114.2,B0200,N001VE,SEARCH,None,0.0,0.0,0.0,0.0,0.0,Enemy
114.4,A0100,AN/APG-68(V)9,LOCK,B0100,39.93836361722192,0.0,0.0,0.0,0.0,Friendly
114.4,A0200,AN/APG-68(V)9,LOCK,B0100,28.408628685591015,0.0,0.0,0.0,0.0,Friendly
114.4,B0100,N001VE,TRACK,A0100,39.817392442185984,-11.575948046868739,-8422.757350962684,0.4620999869148606,13516.817043149089,Enemy
114.4,B0200,N001VE,SEARCH,None,0.0,0.0,0.0,0.0,0.0,Enemy
114.60000000000001,A0100,AN/APG-68(V)9,LOCK,B0100,39.97915380748237,0.0,0.0,0.0,0.0,Friendly
114.60000000000001,A0200,AN/APG-68(V)9,LOCK,B0100,28.36113085427638,0.0,0.0,0.0,0.0,Friendly
114.60000000000001,B0100,N001VE,TRACK,A0100,39.817392442185984,-11.575948046868739,-8422.757350962684,0.4420086831359533,13516.817043149089,Enemy
114.60000000000001,B0200,N001VE,SEARCH,None,0.0,0.0,0.0,0.0,0.0,Enemy
114.80000000000001,A0100,AN/APG-68(V)9,LOCK,B0100,40.02045337792896,0.0,0.0,0.0,0.0,Friendly
114.80000000000001,A0200,AN/APG-68(V)9,LOCK,B0100,28.31461903976407,0.0,0.0,0.0,0.0,Friendly
114.80000000000001,B0100,N001VE,SEARCH,None,0.0,0.0,0.0,0.0,0.0,Enemy
114.80000000000001,B0200,N001VE,LOCK,A0200,28.5334686197057,-5.700814514207805,-5829.719399122701,0.6690649079438246,14113.83259656563,Enemy
115.0,A0100,AN/APG-68(V)9,LOCK,B0100,40.06234706806472,0.0,0.0,0.0,0.0,Friendly
115.0,A0200,AN/APG-68(V)9,LOCK,B0100,28.269206827493605,0.0,0.0,0.0,0.0,Friendly
115.0,B0100,N001VE,SEARCH,None,0.0,0.0,0.0,0.0,0.0,Enemy
115.0,B0200,N001VE,LOCK,A0200,28.5334686197057,-5.700814514207805,-5829.719399122701,0.6433316422536788,14113.83259656563,Enemy
115.2,A0100,AN/APG-68(V)9,LOCK,B0100,40.10481668039127,0.0,0.0,0.0,0.0,Friendly
115.2,A0200,AN/APG-68(V)9,LOCK,B0100,28.224927630586084,0.0,0.0,0.0,0.0,Friendly
115.2,B0100,N001VE,SEARCH,None,0.0,0.0,0.0,0.0,0.0,Enemy
115.2,B0200,N001VE,LOCK,A0200,28.5334686197057,-5.700814514207805,-5829.719399122701,0.6175983765635312,14113.83259656563,Enemy
115.4,A0100,AN/APG-68(V)9,LOCK,B0100,40.14777622672159,0.0,0.0,0.0,0.0,Friendly
115.4,A0200,AN/APG-68(V)9,LOCK,B0100,28.18179154064512,0.0,0.0,0.0,0.0,Friendly
115.4,B0100,N001VE,SEARCH,None,0.0,0.0,0.0,0.0,0.0,Enemy
115.4,B0200,N001VE,TRACK,A0200,28.5334686197057,-5.700814514207805,-5829.719399122701,0.5918651108733837,14113.83259656563,Enemy
115.60000000000001,A0100,AN/APG-68(V)9,LOCK,B0100,40.19127375914199,0.0,0.0,0.0,0.0,Friendly
115.60000000000001,A0200,AN/APG-68(V)9,LOCK,B0100,28.13994717056381,0.0,0.0,0.0,0.0,Friendly
115.60000000000001,B0100,N001VE,SEARCH,None,0.0,0.0,0.0,0.0,0.0,Enemy
115.60000000000001,B0200,N001VE,TRACK,A0200,28.5334686197057,-5.700814514207805,-5829.719399122701,0.5661318451832362,14113.83259656563,Enemy
115.80000000000001,A0100,AN/APG-68(V)9,LOCK,B0100,40.23513364859217,0.0,0.0,0.0,0.0,Friendly
115.80000000000001,A0200,AN/APG-68(V)9,LOCK,B0100,28.099402117062326,0.0,0.0,0.0,0.0,Friendly
115.80000000000001,B0100,N001VE,TRACK,A0100,40.23513364859217,-11.697969445745404,-8899.366761627029,0.5169432625683007,13458.915057881208,Enemy
115.80000000000001,B0200,N001VE,LOCK,A0200,28.32144439325948,-5.5138663943135455,-5874.057147478235,0.6718212228876254,14093.10362677092,Enemy
116.0,A0100,AN/APG-68(V)9,LOCK,B0100,40.27915527684735,0.0,0.0,0.0,0.0,Friendly
116.0,A0200,AN/APG-68(V)9,LOCK,B0100,28.060123662703212,0.0,0.0,0.0,0.0,Friendly
116.0,B0100,N001VE,TRACK,A0100,40.23513364859217,-11.697969445745404,-8899.366761627029,0.4970608293925979,13458.915057881208,Enemy
116.0,B0200,N001VE,LOCK,A0200,28.32144439325948,-5.5138663943135455,-5874.057147478235,0.6459819450842565,14093.10362677092,Enemy
116.2,A0100,AN/APG-68(V)9,LOCK,B0100,40.32320774658776,0.0,0.0,0.0,0.0,Friendly
116.2,A0200,AN/APG-68(V)9,LOCK,B0100,28.022077459350427,0.0,0.0,0.0,0.0,Friendly
116.2,B0100,N001VE,TRACK,A0100,40.23513364859217,-11.697969445745404,-8899.366761627029,0.4771783962168937,13458.915057881208,Enemy
116.2,B0200,N001VE,LOCK,A0200,28.32144439325948,-5.5138663943135455,-5874.057147478235,0.6201426672808859,14093.10362677092,Enemy
116.4,A0100,AN/APG-68(V)9,LOCK,B0100,40.367435478099985,0.0,0.0,0.0,0.0,Friendly
116.4,A0200,AN/APG-68(V)9,LOCK,B0100,27.98540450159512,0.0,0.0,0.0,0.0,Friendly
116.4,B0100,N001VE,TRACK,A0100,40.23513364859217,-11.697969445745404,-8899.366761627029,0.45729596304118947,13458.915057881208,Enemy
116.4,B0200,N001VE,TRACK,A0200,28.32144439325948,-5.5138663943135455,-5874.057147478235,0.5943033894775153,14093.10362677092,Enemy
116.60000000000001,A0100,AN/APG-68(V)9,LOCK,B0100,40.41207063766205,0.0,0.0,0.0,0.0,Friendly
116.60000000000001,A0200,AN/APG-68(V)9,LOCK,B0100,27.95029843022055,0.0,0.0,0.0,0.0,Friendly
116.60000000000001,B0100,N001VE,TRACK,A0100,40.23513364859217,-11.697969445745404,-8899.366761627029,0.4374135298654853,13458.915057881208,Enemy
116.60000000000001,B0200,N001VE,TRACK,A0200,28.32144439325948,-5.5138663943135455,-5874.057147478235,0.5684641116741447,14093.10362677092,Enemy
116.80000000000001,A0100,AN/APG-68(V)9,LOCK,B0100,40.457032798404455,0.0,0.0,0.0,0.0,Friendly
116.80000000000001,A0200,AN/APG-68(V)9,LOCK,B0100,27.916699522432605,0.0,0.0,0.0,0.0,Friendly
116.80000000000001,B0100,N001VE,TRACK,A0100,40.457032798404455,-11.765968292641595,-8938.522363597496,0.514058573620741,13430.419437338394,Enemy
116.80000000000001,B0200,N001VE,SEARCH,None,0.0,0.0,0.0,0.0,0.0,Enemy
117.0,A0100,AN/APG-68(V)9,LOCK,B0100,40.50227143548831,0.0,0.0,0.0,0.0,Friendly
117.0,A0200,AN/APG-68(V)9,LOCK,B0100,27.88458210242708,0.0,0.0,0.0,0.0,Friendly
117.0,B0100,N001VE,TRACK,A0100,40.457032798404455,-11.765968292641595,-8938.522363597496,0.4942870900199443,13430.419437338394,Enemy
117.0,B0200,N001VE,SEARCH,None,0.0,0.0,0.0,0.0,0.0,Enemy
117.2,A0100,AN/APG-68(V)9,LOCK,B0100,40.54774703425562,0.0,0.0,0.0,0.0,Friendly
117.2,A0200,AN/APG-68(V)9,LOCK,B0100,27.853905503944578,0.0,0.0,0.0,0.0,Friendly
117.2,B0100,N001VE,TRACK,A0100,40.457032798404455,-11.765968292641595,-8938.522363597496,0.47451560641914625,13430.419437338394,Enemy
117.2,B0200,N001VE,SEARCH,None,0.0,0.0,0.0,0.0,0.0,Enemy
117.4,A0100,AN/APG-68(V)9,LOCK,B0100,40.59332803668985,0.0,0.0,0.0,0.0,Friendly
117.4,A0200,AN/APG-68(V)9,LOCK,B0100,27.824602740614186,0.0,0.0,0.0,0.0,Friendly
117.4,B0100,N001VE,TRACK,A0100,40.457032798404455,-11.765968292641595,-8938.522363597496,0.4547441228183482,13430.419437338394,Enemy
117.4,B0200,N001VE,SEARCH,None,0.0,0.0,0.0,0.0,0.0,Enemy
117.60000000000001,A0100,AN/APG-68(V)9,LOCK,B0100,40.6389490241864,0.0,0.0,0.0,0.0,Friendly
117.60000000000001,A0200,AN/APG-68(V)9,LOCK,B0100,27.79661062107726,0.0,0.0,0.0,0.0,Friendly
117.60000000000001,B0100,N001VE,TRACK,A0100,40.457032798404455,-11.765968292641595,-8938.522363597496,0.4349726392175502,13430.419437338394,Enemy
117.60000000000001,B0200,N001VE,SEARCH,None,0.0,0.0,0.0,0.0,0.0,Enemy
117.80000000000001,A0100,AN/APG-68(V)9,LOCK,B0100,40.68468555276986,0.0,0.0,0.0,0.0,Friendly
117.80000000000001,A0200,AN/APG-68(V)9,LOCK,B0100,27.770015341295387,0.0,0.0,0.0,0.0,Friendly
117.80000000000001,B0100,N001VE,LOCK,A0200,27.770015341295387,-5.158030226268384,-5700.578960634255,0.6789898005631585,14116.524934816487,Enemy
117.80000000000001,B0200,N001VE,LOCK,A0100,41.01315811363471,-11.951006290792417,-9125.908716093287,0.5068289445227477,13368.687862308929,Enemy
117.80000000000001,B0200,N001VE,LOCK,A0200,27.997540933263373,-5.219569845334222,-5933.902929032807,0.6760319678675748,14057.53108942613,Enemy
118.0,A0100,AN/APG-68(V)9,LOCK,B0100,40.7303829920174,0.0,0.0,0.0,0.0,Friendly
118.0,A0200,AN/APG-68(V)9,LOCK,B0100,27.744761478084403,0.0,0.0,0.0,0.0,Friendly
118.0,B0100,N001VE,LOCK,A0200,27.770015341295387,-5.158030226268384,-5700.578960634255,0.6528748082338076,14116.524934816487,Enemy
118.0,B0200,N001VE,LOCK,A0100,41.01315811363471,-11.951006290792417,-9125.908716093287,0.4873355235795661,13368.687862308929,Enemy
118.0,B0200,N001VE,LOCK,A0200,27.997540933263373,-5.219569845334222,-5933.902929032807,0.6500307383342079,14057.53108942613,Enemy
118.2,A0100,AN/APG-68(V)9,LOCK,B0100,40.77574668830295,0.0,0.0,0.0,0.0,Friendly
118.2,A0200,AN/APG-68(V)9,LOCK,B0100,27.72072720413335,0.0,0.0,0.0,0.0,Friendly
118.2,B0100,N001VE,LOCK,A0200,27.770015341295387,-5.158030226268384,-5700.578960634255,0.626759815904455,14116.524934816487,Enemy
118.2,B0200,N001VE,LOCK,A0100,41.01315811363471,-11.951006290792417,-9125.908716093287,0.46784210263638315,13368.687862308929,Enemy
118.2,B0200,N001VE,LOCK,A0200,27.997540933263373,-5.219569845334222,-5933.902929032807,0.6240295088008392,14057.53108942613,Enemy
118.4,A0100,AN/APG-68(V)9,LOCK,B0100,40.820515925351174,0.0,0.0,0.0,0.0,Friendly
118.4,A0200,AN/APG-68(V)9,LOCK,B0100,27.69790063230224,0.0,0.0,0.0,0.0,Friendly
118.4,B0100,N001VE,LOCK,A0200,27.770015341295387,-5.158030226268384,-5700.578960634255,0.6006448235751022,14116.524934816487,Enemy
118.4,B0200,N001VE,TRACK,A0100,41.01315811363471,-11.951006290792417,-9125.908716093287,0.44834868169320025,13368.687862308929,Enemy
118.4,B0200,N001VE,TRACK,A0200,27.997540933263373,-5.219569845334222,-5933.902929032807,0.5980282792674705,14057.53108942613,Enemy
118.60000000000001,A0100,AN/APG-68(V)9,LOCK,B0100,40.86459017689179,0.0,0.0,0.0,0.0,Friendly
118.60000000000001,A0200,AN/APG-68(V)9,LOCK,B0100,27.676548011200627,0.0,0.0,0.0,0.0,Friendly
118.60000000000001,B0100,N001VE,TRACK,A0200,27.770015341295387,-5.158030226268384,-5700.578960634255,0.5745298312457496,14116.524934816487,Enemy
118.60000000000001,B0200,N001VE,TRACK,A0100,41.01315811363471,-11.951006290792417,-9125.908716093287,0.42885526075001734,13368.687862308929,Enemy
118.60000000000001,B0200,N001VE,TRACK,A0200,27.997540933263373,-5.219569845334222,-5933.902929032807,0.5720270497341019,14057.53108942613,Enemy
118.80000000000001,A0100,AN/APG-68(V)9,LOCK,B0100,40.90793729551557,0.0,0.0,0.0,0.0,Friendly
118.80000000000001,A0200,AN/APG-68(V)9,LOCK,B0100,27.65719058435871,0.0,0.0,0.0,0.0,Friendly
118.80000000000001,B0100,N001VE,TRACK,A0100,40.90793729551557,-11.91817617311819,-8837.167800541902,0.5081968151582966,13381.474672243492,Enemy
118.80000000000001,B0200,N001VE,TRACK,A0100,41.239477581391824,-12.030321138464428,-8964.529766736503,0.5038867914419052,13346.391319719038,Enemy
119.0,A0100,AN/APG-68(V)9,LOCK,B0100,40.95059459580153,0.0,0.0,0.0,0.0,Friendly
119.0,A0200,AN/APG-68(V)9,LOCK,B0100,27.639817230839757,0.0,0.0,0.0,0.0,Friendly
119.0,B0100,N001VE,TRACK,A0100,40.90793729551557,-11.91817617311819,-8837.167800541902,0.4886507838060554,13381.474672243492,Enemy
119.0,B0200,N001VE,TRACK,A0100,41.239477581391824,-12.030321138464428,-8964.529766736503,0.48450653023260215,13346.391319719038,Enemy
119.2,A0100,AN/APG-68(V)9,LOCK,B0100,40.99257790059932,0.0,0.0,0.0,0.0,Friendly
119.2,A0200,AN/APG-68(V)9,LOCK,B0100,27.624180817810025,0.0,0.0,0.0,0.0,Friendly
119.2,B0100,N001VE,TRACK,A0100,40.90793729551557,-11.91817617311819,-8837.167800541902,0.4691047524538129,13381.474672243492,Enemy
119.2,B0200,N001VE,TRACK,A0100,41.239477581391824,-12.030321138464428,-8964.529766736503,0.4651262690232978,13346.391319719038,Enemy
119.4,A0100,AN/APG-68(V)9,LOCK,B0100,41.03383034593866,0.0,0.0,0.0,0.0,Friendly
119.4,A0200,AN/APG-68(V)9,LOCK,B0100,27.609827176958337,0.0,0.0,0.0,0.0,Friendly
119.4,B0100,N001VE,TRACK,A0100,40.90793729551557,-11.91817617311819,-8837.167800541902,0.4495587211015704,13381.474672243492,Enemy
119.4,B0200,N001VE,TRACK,A0100,41.239477581391824,-12.030321138464428,-8964.529766736503,0.44574600781399343,13346.391319719038,Enemy
119.60000000000001,A0100,AN/APG-68(V)9,LOCK,B0100,41.074257206638215,0.0,0.0,0.0,0.0,Friendly
119.60000000000001,A0200,AN/APG-68(V)9,LOCK,B0100,27.59659404308771,0.0,0.0,0.0,0.0,Friendly
119.60000000000001,B0100,N001VE,TRACK,A0100,40.90793729551557,-11.91817617311819,-8837.167800541902,0.43001268974932794,13381.474672243492,Enemy
119.60000000000001,B0200,N001VE,TRACK,A0100,41.239477581391824,-12.030321138464428,-8964.529766736503,0.42636574660468907,13346.391319719038,Enemy
119.80000000000001,A0100,AN/APG-68(V)9,LOCK,B0100,41.11417439769059,0.0,0.0,0.0,0.0,Friendly
119.80000000000001,A0200,AN/APG-68(V)9,LOCK,B0100,27.584656611361353,0.0,0.0,0.0,0.0,Friendly
119.80000000000001,B0100,N001VE,LOCK,A0200,27.584656611361353,-4.97006826838237,-5727.586737161962,0.681399464052301,14086.109712140174,Enemy
119.80000000000001,B0200,N001VE,SEARCH,None,0.0,0.0,0.0,0.0,0.0,Enemy
120.0,A0100,AN/APG-68(V)9,LOCK,B0100,41.154213144324565,0.0,0.0,0.0,0.0,Friendly
120.0,A0200,AN/APG-68(V)9,LOCK,B0100,27.574681563326926,0.0,0.0,0.0,0.0,Friendly
120.0,B0100,N001VE,LOCK,A0200,27.584656611361353,-4.97006826838237,-5727.586737161962,0.6551917923579831,14086.109712140174,Enemy
120.0,B0200,N001VE,SEARCH,None,0.0,0.0,0.0,0.0,0.0,Enemy
120.2,A0100,AN/APG-68(V)9,LOCK,B0100,41.1948074947906,0.0,0.0,0.0,0.0,Friendly
120.2,A0200,AN/APG-68(V)9,LOCK,B0100,27.567084307051932,0.0,0.0,0.0,0.0,Friendly
120.2,B0100,N001VE,LOCK,A0200,27.584656611361353,-4.97006826838237,-5727.586737161962,0.6289841206636634,14086.109712140174,Enemy
120.2,B0200,N001VE,SEARCH,None,0.0,0.0,0.0,0.0,0.0,Enemy
120.4,A0100,AN/APG-68(V)9,LOCK,B0100,41.235839096554365,0.0,0.0,0.0,0.0,Friendly
120.4,A0200,AN/APG-68(V)9,LOCK,B0100,27.56148273530414,0.0,0.0,0.0,0.0,Friendly
120.4,B0100,N001VE,LOCK,A0200,27.584656611361353,-4.97006826838237,-5727.586737161962,0.6027764489693437,14086.109712140174,Enemy
120.4,B0200,N001VE,SEARCH,None,0.0,0.0,0.0,0.0,0.0,Enemy
120.60000000000001,A0100,AN/APG-68(V)9,LOCK,B0100,41.277024482825766,0.0,0.0,0.0,0.0,Friendly
120.60000000000001,A0200,AN/APG-68(V)9,LOCK,B0100,27.55782732500951,0.0,0.0,0.0,0.0,Friendly
120.60000000000001,B0100,N001VE,TRACK,A0200,27.584656611361353,-4.97006826838237,-5727.586737161962,0.576568777275024,14086.109712140174,Enemy
120.60000000000001,B0200,N001VE,SEARCH,None,0.0,0.0,0.0,0.0,0.0,Enemy
120.80000000000001,A0100,AN/APG-68(V)9,LOCK,B0100,41.31828437914487,0.0,0.0,0.0,0.0,Friendly
120.80000000000001,A0200,AN/APG-68(V)9,LOCK,B0100,27.55595498791849,0.0,0.0,0.0,0.0,Friendly
120.80000000000001,B0100,N001VE,TRACK,A0100,41.31828437914487,-12.06775983005244,-9081.923669054075,0.5028623030711157,13344.324659057193,Enemy
120.80000000000001,B0200,N001VE,LOCK,A0200,27.79062917608899,-4.989738401012074,-5924.975752273105,0.6787218207108418,14011.534090302626,Enemy
121.0,A0100,AN/APG-68(V)9,LOCK,B0100,41.35958891751647,0.0,0.0,0.0,0.0,Friendly
121.0,A0200,AN/APG-68(V)9,LOCK,B0100,27.555575130603255,0.0,0.0,0.0,0.0,Friendly
121.0,B0100,N001VE,TRACK,A0100,41.31828437914487,-12.06775983005244,-9081.923669054075,0.4835214452606892,13344.324659057193,Enemy
121.0,B0200,N001VE,LOCK,A0200,27.79062917608899,-4.989738401012074,-5924.975752273105,0.6526171352988877,14011.534090302626,Enemy
121.2,A0100,AN/APG-68(V)9,LOCK,B0100,41.40055030307407,0.0,0.0,0.0,0.0,Friendly
121.2,A0200,AN/APG-68(V)9,LOCK,B0100,27.556021153611926,0.0,0.0,0.0,0.0,Friendly
121.2,B0100,N001VE,TRACK,A0100,41.31828437914487,-12.06775983005244,-9081.923669054075,0.4641805874502613,13344.324659057193,Enemy
121.2,B0200,N001VE,LOCK,A0200,27.79062917608899,-4.989738401012074,-5924.975752273105,0.6265124498869318,14011.534090302626,Enemy
121.4,A0100,AN/APG-68(V)9,LOCK,B0100,41.440899051972856,0.0,0.0,0.0,0.0,Friendly
121.4,A0200,AN/APG-68(V)9,LOCK,B0100,27.556760655924606,0.0,0.0,0.0,0.0,Friendly
121.4,B0100,N001VE,TRACK,A0100,41.31828437914487,-12.06775983005244,-9081.923669054075,0.4448397296398335,13344.324659057193,Enemy
121.4,B0200,N001VE,LOCK,A0200,27.79062917608899,-4.989738401012074,-5924.975752273105,0.6004077644749759,14011.534090302626,Enemy
121.60000000000001,A0100,AN/APG-68(V)9,LOCK,B0100,41.48057586344982,0.0,0.0,0.0,0.0,Friendly
121.60000000000001,A0200,AN/APG-68(V)9,LOCK,B0100,27.557541750421276,0.0,0.0,0.0,0.0,Friendly
121.60000000000001,B0100,N001VE,TRACK,A0100,41.31828437914487,-12.06775983005244,-9081.923669054075,0.42549887182940566,13344.324659057193,Enemy
121.60000000000001,B0200,N001VE,TRACK,A0200,27.79062917608899,-4.989738401012074,-5924.975752273105,0.57430307906302,14011.534090302626,Enemy
121.80000000000001,A0100,AN/APG-68(V)9,LOCK,B0100,41.51991300769977,0.0,0.0,0.0,0.0,Friendly
121.80000000000001,A0200,AN/APG-68(V)9,LOCK,B0100,27.55852132156535,0.0,0.0,0.0,0.0,Friendly
121.80000000000001,B0100,N001VE,TRACK,A0100,41.51991300769977,-12.14165822479865,-9034.355133225437,0.500241130899902,13326.659998997897,Enemy
121.80000000000001,B0200,N001VE,LOCK,A0200,27.795803030707315,-4.9642176940989895,-5908.270267807666,0.6786545606008034,13994.762503383487,Enemy
121.80000000000001,B0200,N001VE,LOCK,A0100,41.85884551172903,-12.257222363376066,-9156.675853753086,0.49583500834752164,13292.53373911923,Enemy
122.0,A0100,AN/APG-68(V)9,LOCK,B0100,41.559271836015924,0.0,0.0,0.0,0.0,Friendly
122.0,A0200,AN/APG-68(V)9,LOCK,B0100,27.559756412798983,0.0,0.0,0.0,0.0,Friendly
122.0,B0100,N001VE,TRACK,A0100,41.51991300769977,-12.14165822479865,-9034.355133225437,0.4810010874037529,13326.659998997897,Enemy
122.0,B0200,N001VE,LOCK,A0200,27.795803030707315,-4.9642176940989895,-5908.270267807666,0.6525524621161585,13994.762503383487,Enemy
122.0,B0200,N001VE,LOCK,A0100,41.85884551172903,-12.257222363376066,-9156.675853753086,0.4767644311033872,13292.53373911923,Enemy
122.2,A0100,AN/APG-68(V)9,LOCK,B0100,41.59894174953357,0.0,0.0,0.0,0.0,Friendly
122.2,A0200,AN/APG-68(V)9,LOCK,B0100,27.561413030500507,0.0,0.0,0.0,0.0,Friendly
122.2,B0100,N001VE,TRACK,A0100,41.51991300769977,-12.14165822479865,-9034.355133225437,0.46176104390760253,13326.659998997897,Enemy
122.2,B0200,N001VE,LOCK,A0200,27.795803030707315,-4.9642176940989895,-5908.270267807666,0.6264503636315117,13994.762503383487,Enemy
122.2,B0200,N001VE,LOCK,A0100,41.85884551172903,-12.257222363376066,-9156.675853753086,0.45769385385925143,13292.53373911923,Enemy
122.4,A0100,AN/APG-68(V)9,LOCK,B0100,41.63905773249924,0.0,0.0,0.0,0.0,Friendly
122.4,A0200,AN/APG-68(V)9,LOCK,B0100,27.563611900876662,0.0,0.0,0.0,0.0,Friendly
122.4,B0100,N001VE,TRACK,A0100,41.51991300769977,-12.14165822479865,-9034.355133225437,0.4425210004114521,13326.659998997897,Enemy
122.4,B0200,N001VE,LOCK,A0200,27.795803030707315,-4.9642176940989895,-5908.270267807666,0.600348265146865,13994.762503383487,Enemy
122.4,B0200,N001VE,LOCK,A0100,41.85884551172903,-12.257222363376066,-9156.675853753086,0.43862327661511563,13292.53373911923,Enemy
122.60000000000001,A0100,AN/APG-68(V)9,LOCK,B0100,41.67926385470247,0.0,0.0,0.0,0.0,Friendly
122.60000000000001,A0200,AN/APG-68(V)9,LOCK,B0100,27.56594295861012,0.0,0.0,0.0,0.0,Friendly
122.60000000000001,B0100,N001VE,TRACK,A0100,41.51991300769977,-12.14165822479865,-9034.355133225437,0.42328095691530176,13326.659998997897,Enemy
122.60000000000001,B0200,N001VE,TRACK,A0200,27.795803030707315,-4.9642176940989895,-5908.270267807666,0.5742461666622184,13994.762503383487,Enemy
122.60000000000001,B0200,N001VE,TRACK,A0100,41.85884551172903,-12.257222363376066,-9156.675853753086,0.41955269937097994,13292.53373911923,Enemy
122.80000000000001,A0100,AN/APG-68(V)9,LOCK,B0100,41.7189927922441,0.0,0.0,0.0,0.0,Friendly
122.80000000000001,A0200,AN/APG-68(V)9,LOCK,B0100,27.567889870907724,0.0,0.0,0.0,0.0,Friendly
122.80000000000001,B0100,N001VE,SEARCH,None,0.0,0.0,0.0,0.0,0.0,Enemy
122.80000000000001,B0200,N001VE,SEARCH,None,0.0,0.0,0.0,0.0,0.0,Enemy
123.0,A0100,AN/APG-68(V)9,LOCK,B0100,41.75805315168611,0.0,0.0,0.0,0.0,Friendly
123.0,A0200,AN/APG-68(V)9,LOCK,B0100,27.56940484533825,0.0,0.0,0.0,0.0,Friendly
123.0,B0100,N001VE,SEARCH,None,0.0,0.0,0.0,0.0,0.0,Enemy
123.0,B0200,N001VE,SEARCH,None,0.0,0.0,0.0,0.0,0.0,Enemy
123.2,A0100,AN/APG-68(V)9,LOCK,B0100,41.797093168550646,0.0,0.0,0.0,0.0,Friendly
123.2,A0200,AN/APG-68(V)9,LOCK,B0100,27.57112705439733,0.0,0.0,0.0,0.0,Friendly
123.2,B0100,N001VE,SEARCH,None,0.0,0.0,0.0,0.0,0.0,Enemy
123.2,B0200,N001VE,SEARCH,None,0.0,0.0,0.0,0.0,0.0,Enemy
123.4,A0100,AN/APG-68(V)9,LOCK,B0100,41.8364553308746,0.0,0.0,0.0,0.0,Friendly
123.4,A0200,AN/APG-68(V)9,LOCK,B0100,27.57340074239814,0.0,0.0,0.0,0.0,Friendly
123.4,B0100,N001VE,SEARCH,None,0.0,0.0,0.0,0.0,0.0,Enemy
123.4,B0200,N001VE,SEARCH,None,0.0,0.0,0.0,0.0,0.0,Enemy
123.60000000000001,A0100,AN/APG-68(V)9,LOCK,B0100,41.87617741671273,0.0,0.0,0.0,0.0,Friendly
123.60000000000001,A0200,AN/APG-68(V)9,LOCK,B0100,27.576157947711835,0.0,0.0,0.0,0.0,Friendly
123.60000000000001,B0100,N001VE,SEARCH,None,0.0,0.0,0.0,0.0,0.0,Enemy
123.60000000000001,B0200,N001VE,SEARCH,None,0.0,0.0,0.0,0.0,0.0,Enemy
123.80000000000001,A0100,AN/APG-68(V)9,LOCK,B0100,41.916474853338315,0.0,0.0,0.0,0.0,Friendly
123.80000000000001,A0200,AN/APG-68(V)9,LOCK,B0100,27.57949887611968,0.0,0.0,0.0,0.0,Friendly
123.80000000000001,B0100,N001VE,TRACK,A0100,41.916474853338315,-12.286506400392945,-9130.445257968684,0.49508582690660086,13292.316520086228,Enemy
123.80000000000001,B0200,N001VE,SEARCH,None,0.0,0.0,0.0,0.0,0.0,Enemy
124.0,A0100,AN/APG-68(V)9,LOCK,B0100,41.95733166859945,0.0,0.0,0.0,0.0,Friendly
124.0,A0200,AN/APG-68(V)9,LOCK,B0100,27.58338736901574,0.0,0.0,0.0,0.0,Friendly
124.0,B0100,N001VE,TRACK,A0100,41.916474853338315,-12.286506400392945,-9130.445257968684,0.47604406433327107,13292.316520086228,Enemy
124.0,B0200,N001VE,SEARCH,None,0.0,0.0,0.0,0.0,0.0,Enemy
124.2,A0100,AN/APG-68(V)9,LOCK,B0100,41.998209337008845,0.0,0.0,0.0,0.0,Friendly
124.2,A0200,AN/APG-68(V)9,LOCK,B0100,27.58731796992132,0.0,0.0,0.0,0.0,Friendly
124.2,B0100,N001VE,TRACK,A0100,41.916474853338315,-12.286506400392945,-9130.445257968684,0.45700230175993994,13292.316520086228,Enemy
124.2,B0200,N001VE,SEARCH,None,0.0,0.0,0.0,0.0,0.0,Enemy
124.4,A0100,AN/APG-68(V)9,LOCK,B0100,42.03849826974689,0.0,0.0,0.0,0.0,Friendly
124.4,A0200,AN/APG-68(V)9,LOCK,B0100,27.590793693188868,0.0,0.0,0.0,0.0,Friendly
124.4,B0100,N001VE,TRACK,A0100,41.916474853338315,-12.286506400392945,-9130.445257968684,0.4379605391866088,13292.316520086228,Enemy
124.4,B0200,N001VE,SEARCH,None,0.0,0.0,0.0,0.0,0.0,Enemy
124.60000000000001,A0100,AN/APG-68(V)9,LOCK,B0100,42.078047374826475,0.0,0.0,0.0,0.0,Friendly
124.60000000000001,A0200,AN/APG-68(V)9,LOCK,B0100,27.593659878902248,0.0,0.0,0.0,0.0,Friendly
124.60000000000001,B0100,N001VE,TRACK,A0100,41.916474853338315,-12.286506400392945,-9130.445257968684,0.41891877661327775,13292.316520086228,Enemy
124.60000000000001,B0200,N001VE,SEARCH,None,0.0,0.0,0.0,0.0,0.0,Enemy
124.80000000000001,A0100,AN/APG-68(V)9,LOCK,B0100,42.11699478410814,0.0,0.0,0.0,0.0,Friendly
124.80000000000001,A0200,AN/APG-68(V)9,LOCK,B0100,27.59608565414161,0.0,0.0,0.0,0.0,Friendly
124.80000000000001,B0100,N001VE,SEARCH,None,0.0,0.0,0.0,0.0,0.0,Enemy
124.80000000000001,B0200,N001VE,TRACK,A0100,42.46274947052282,-12.47856636393539,-9277.685338514992,0.48798425688320224,13242.181631392763,Enemy
125.0,A0100,AN/APG-68(V)9,LOCK,B0100,42.15548648436944,0.0,0.0,0.0,0.0,Friendly
125.0,A0200,AN/APG-68(V)9,LOCK,B0100,27.598205271651707,0.0,0.0,0.0,0.0,Friendly
125.0,B0100,N001VE,SEARCH,None,0.0,0.0,0.0,0.0,0.0,Enemy
125.0,B0200,N001VE,TRACK,A0100,42.46274947052282,-12.47856636393539,-9277.685338514992,0.4692156316184647,13242.181631392763,Enemy
125.2,A0100,AN/APG-68(V)9,LOCK,B0100,42.19405815014164,0.0,0.0,0.0,0.0,Friendly
125.2,A0200,AN/APG-68(V)9,LOCK,B0100,27.60039223945275,0.0,0.0,0.0,0.0,Friendly
125.2,B0100,N001VE,SEARCH,None,0.0,0.0,0.0,0.0,0.0,Enemy
125.2,B0200,N001VE,TRACK,A0100,42.46274947052282,-12.47856636393539,-9277.685338514992,0.4504470063537258,13242.181631392763,Enemy
125.4,A0100,AN/APG-68(V)9,LOCK,B0100,42.23301418063613,0.0,0.0,0.0,0.0,Friendly
125.4,A0200,AN/APG-68(V)9,LOCK,B0100,27.602834455478725,0.0,0.0,0.0,0.0,Friendly
125.4,B0100,N001VE,SEARCH,None,0.0,0.0,0.0,0.0,0.0,Enemy
125.4,B0200,N001VE,TRACK,A0100,42.46274947052282,-12.47856636393539,-9277.685338514992,0.431678381088987,13242.181631392763,Enemy
125.60000000000001,A0100,AN/APG-68(V)9,LOCK,B0100,42.2725830746068,0.0,0.0,0.0,0.0,Friendly
125.60000000000001,A0200,AN/APG-68(V)9,LOCK,B0100,27.60590246691427,0.0,0.0,0.0,0.0,Friendly
125.60000000000001,B0100,N001VE,SEARCH,None,0.0,0.0,0.0,0.0,0.0,Enemy
125.60000000000001,B0200,N001VE,TRACK,A0100,42.46274947052282,-12.47856636393539,-9277.685338514992,0.41290975582424816,13242.181631392763,Enemy
125.80000000000001,A0100,AN/APG-68(V)9,LOCK,B0100,42.31302581856588,0.0,0.0,0.0,0.0,Friendly
125.80000000000001,A0200,AN/APG-68(V)9,LOCK,B0100,27.609981803061082,0.0,0.0,0.0,0.0,Friendly
125.80000000000001,B0100,N001VE,SEARCH,None,0.0,0.0,0.0,0.0,0.0,Enemy
125.80000000000001,B0200,N001VE,LOCK,A0200,27.857709583878414,-4.890724607848616,-6196.604959544055,0.6778497754095792,13926.96384320367,Enemy
126.0,A0100,AN/APG-68(V)9,LOCK,B0100,42.35367373665511,0.0,0.0,0.0,0.0,Friendly
126.0,A0200,AN/APG-68(V)9,LOCK,B0100,27.61436265251636,0.0,0.0,0.0,0.0,Friendly
126.0,B0100,N001VE,SEARCH,None,0.0,0.0,0.0,0.0,0.0,Enemy
126.0,B0200,N001VE,LOCK,A0200,27.857709583878414,-4.890724607848616,-6196.604959544055,0.6517786302015198,13926.96384320367,Enemy
126.2,A0100,AN/APG-68(V)9,LOCK,B0100,42.393964702597486,0.0,0.0,0.0,0.0,Friendly
126.2,A0200,AN/APG-68(V)9,LOCK,B0100,27.618453096051024,0.0,0.0,0.0,0.0,Friendly
126.2,B0100,N001VE,SEARCH,None,0.0,0.0,0.0,0.0,0.0,Enemy
126.2,B0200,N001VE,LOCK,A0200,27.857709583878414,-4.890724607848616,-6196.604959544055,0.6257074849934586,13926.96384320367,Enemy
126.4,A0100,AN/APG-68(V)9,LOCK,B0100,42.43401818070895,0.0,0.0,0.0,0.0,Friendly
126.4,A0200,AN/APG-68(V)9,LOCK,B0100,27.62226841091409,0.0,0.0,0.0,0.0,Friendly
126.4,B0100,N001VE,SEARCH,None,0.0,0.0,0.0,0.0,0.0,Enemy
126.4,B0200,N001VE,TRACK,A0200,27.857709583878414,-4.890724607848616,-6196.604959544055,0.5996363397853974,13926.96384320367,Enemy
126.60000000000001,A0100,AN/APG-68(V)9,LOCK,B0100,42.474048419318756,0.0,0.0,0.0,0.0,Friendly
126.60000000000001,A0200,AN/APG-68(V)9,LOCK,B0100,27.625938730675287,0.0,0.0,0.0,0.0,Friendly
126.60000000000001,B0100,N001VE,SEARCH,None,0.0,0.0,0.0,0.0,0.0,Enemy
126.60000000000001,B0200,N001VE,TRACK,A0200,27.857709583878414,-4.890724607848616,-6196.604959544055,0.5735651945773363,13926.96384320367,Enemy
126.80000000000001,A0100,AN/APG-68(V)9,LOCK,B0100,42.514028416257105,0.0,0.0,0.0,0.0,Friendly
126.80000000000001,A0200,AN/APG-68(V)9,LOCK,B0100,27.62950756716915,0.0,0.0,0.0,0.0,Friendly
126.80000000000001,B0100,N001VE,SEARCH,None,0.0,0.0,0.0,0.0,0.0,Enemy
126.80000000000001,B0200,N001VE,SEARCH,None,0.0,0.0,0.0,0.0,0.0,Enemy
127.0,A0100,AN/APG-68(V)9,LOCK,B0100,42.55357207589753,0.0,0.0,0.0,0.0,Friendly
127.0,A0200,AN/APG-68(V)9,LOCK,B0100,27.632705622830265,0.0,0.0,0.0,0.0,Friendly
127.0,B0100,N001VE,SEARCH,None,0.0,0.0,0.0,0.0,0.0,Enemy
127.0,B0200,N001VE,SEARCH,None,0.0,0.0,0.0,0.0,0.0,Enemy
127.2,A0100,AN/APG-68(V)9,LOCK,B0100,42.59253234370334,0.0,0.0,0.0,0.0,Friendly
127.2,A0200,AN/APG-68(V)9,LOCK,B0100,27.63534219194138,0.0,0.0,0.0,0.0,Friendly
127.2,B0100,N001VE,SEARCH,None,0.0,0.0,0.0,0.0,0.0,Enemy
127.2,B0200,N001VE,SEARCH,None,0.0,0.0,0.0,0.0,0.0,Enemy
127.4,A0100,AN/APG-68(V)9,LOCK,B0100,42.63107841616161,0.0,0.0,0.0,0.0,Friendly
127.4,A0200,AN/APG-68(V)9,LOCK,B0100,27.637532583622274,0.0,0.0,0.0,0.0,Friendly
127.4,B0100,N001VE,SEARCH,None,0.0,0.0,0.0,0.0,0.0,Enemy
127.4,B0200,N001VE,SEARCH,None,0.0,0.0,0.0,0.0,0.0,Enemy
127.60000000000001,A0100,AN/APG-68(V)9,LOCK,B0100,42.669549183400406,0.0,0.0,0.0,0.0,Friendly
127.60000000000001,A0200,AN/APG-68(V)9,LOCK,B0100,27.639622783855298,0.0,0.0,0.0,0.0,Friendly
127.60000000000001,B0100,N001VE,SEARCH,None,0.0,0.0,0.0,0.0,0.0,Enemy
127.60000000000001,B0200,N001VE,SEARCH,None,0.0,0.0,0.0,0.0,0.0,Enemy
127.80000000000001,A0100,AN/APG-68(V)9,LOCK,B0100,42.70822367160333,0.0,0.0,0.0,0.0,Friendly
127.80000000000001,A0200,AN/APG-68(V)9,LOCK,B0100,27.6418754355632,0.0,0.0,0.0,0.0,Friendly
127.80000000000001,B0100,N001VE,SEARCH,None,0.0,0.0,0.0,0.0,0.0,Enemy
127.80000000000001,B0200,N001VE,LOCK,A0100,43.060511466637536,-12.695833554255387,-9443.184746577208,0.480213350933711,13193.278586850873,Enemy
127.80000000000001,B0200,N001VE,LOCK,A0200,27.8947231166333,-4.858836415694325,-6368.783050286392,0.6773685994837657,13893.356728025812,Enemy
128.0,A0100,AN/APG-68(V)9,LOCK,B0100,42.74713602166,0.0,0.0,0.0,0.0,Friendly
128.0,A0200,AN/APG-68(V)9,LOCK,B0100,27.644313076511928,0.0,0.0,0.0,0.0,Friendly
128.0,B0100,N001VE,SEARCH,None,0.0,0.0,0.0,0.0,0.0,Enemy
128.0,B0200,N001VE,LOCK,A0100,43.060511466637536,-12.695833554255387,-9443.184746577208,0.46174360666703074,13193.278586850873,Enemy
128.0,B0200,N001VE,LOCK,A0200,27.8947231166333,-4.858836415694325,-6368.783050286392,0.6513159610420838,13893.356728025812,Enemy
128.20000000000002,A0100,AN/APG-68(V)9,LOCK,B0100,42.78620652971883,0.0,0.0,0.0,0.0,Friendly
128.20000000000002,A0200,AN/APG-68(V)9,LOCK,B0100,27.646902743478066,0.0,0.0,0.0,0.0,Friendly
128.20000000000002,B0100,N001VE,SEARCH,None,0.0,0.0,0.0,0.0,0.0,Enemy
128.20000000000002,B0200,N001VE,LOCK,A0100,43.060511466637536,-12.695833554255387,-9443.184746577208,0.44327386240034794,13193.278586850873,Enemy
128.20000000000002,B0200,N001VE,LOCK,A0200,27.8947231166333,-4.858836415694325,-6368.783050286392,0.6252633226003982,13893.356728025812,Enemy
128.4,A0100,AN/APG-68(V)9,LOCK,B0100,42.82535748282033,0.0,0.0,0.0,0.0,Friendly
128.4,A0200,AN/APG-68(V)9,LOCK,B0100,27.649610728393608,0.0,0.0,0.0,0.0,Friendly
128.4,B0100,N001VE,SEARCH,None,0.0,0.0,0.0,0.0,0.0,Enemy
128.4,B0200,N001VE,TRACK,A0100,43.060511466637536,-12.695833554255387,-9443.184746577208,0.42480411813366775,13193.278586850873,Enemy
128.4,B0200,N001VE,TRACK,A0200,27.8947231166333,-4.858836415694325,-6368.783050286392,0.5992106841587163,13893.356728025812,Enemy
128.6,A0100,AN/APG-68(V)9,LOCK,B0100,42.86464666491868,0.0,0.0,0.0,0.0,Friendly
128.6,A0200,AN/APG-68(V)9,LOCK,B0100,27.652514389475037,0.0,0.0,0.0,0.0,Friendly
128.6,B0100,N001VE,SEARCH,None,0.0,0.0,0.0,0.0,0.0,Enemy
128.6,B0200,N001VE,TRACK,A0100,43.060511466637536,-12.695833554255387,-9443.184746577208,0.40633437386698756,13193.278586850873,Enemy
128.6,B0200,N001VE,TRACK,A0200,27.8947231166333,-4.858836415694325,-6368.783050286392,0.5731580457170344,13893.356728025812,Enemy
128.8,A0100,AN/APG-68(V)9,LOCK,B0100,42.90404456777627,0.0,0.0,0.0,0.0,Friendly
128.8,A0200,AN/APG-68(V)9,LOCK,B0100,27.655495477242898,0.0,0.0,0.0,0.0,Friendly
128.8,B0100,N001VE,SEARCH,None,0.0,0.0,0.0,0.0,0.0,Enemy
128.8,B0200,N001VE,TRACK,A0100,43.25847824062883,-12.767071221211118,-9497.514657126394,0.4776397828718242,13177.097596638565,Enemy
129.0,A0100,AN/APG-68(V)9,LOCK,B0100,42.94353641827644,0.0,0.0,0.0,0.0,Friendly
129.0,A0200,AN/APG-68(V)9,LOCK,B0100,27.658464981092884,0.0,0.0,0.0,0.0,Friendly
129.0,B0100,N001VE,SEARCH,None,0.0,0.0,0.0,0.0,0.0,Enemy
129.0,B0200,N001VE,TRACK,A0100,43.25847824062883,-12.767071221211118,-9497.514657126394,0.4592690219921396,13177.097596638565,Enemy
129.20000000000002,A0100,AN/APG-68(V)9,LOCK,B0100,42.983065750402034,0.0,0.0,0.0,0.0,Friendly
129.20000000000002,A0200,AN/APG-68(V)9,LOCK,B0100,27.661432680347716,0.0,0.0,0.0,0.0,Friendly
129.20000000000002,B0100,N001VE,SEARCH,None,0.0,0.0,0.0,0.0,0.0,Enemy
129.20000000000002,B0200,N001VE,TRACK,A0100,43.25847824062883,-12.767071221211118,-9497.514657126394,0.44089826111245245,13177.097596638565,Enemy
129.4,A0100,AN/APG-68(V)9,LOCK,B0100,43.02268189350606,0.0,0.0,0.0,0.0,Friendly
129.4,A0200,AN/APG-68(V)9,LOCK,B0100,27.66444549923228,0.0,0.0,0.0,0.0,Friendly
129.4,B0100,N001VE,SEARCH,None,0.0,0.0,0.0,0.0,0.0,Enemy
129.4,B0200,N001VE,TRACK,A0100,43.25847824062883,-12.767071221211118,-9497.514657126394,0.42252750023276786,13177.097596638565,Enemy
129.6,A0100,AN/APG-68(V)9,LOCK,B0100,43.06252140186657,0.0,0.0,0.0,0.0,Friendly
129.6,A0200,AN/APG-68(V)9,LOCK,B0100,27.667686259406196,0.0,0.0,0.0,0.0,Friendly
129.6,B0100,N001VE,SEARCH,None,0.0,0.0,0.0,0.0,0.0,Enemy
129.6,B0200,N001VE,TRACK,A0100,43.25847824062883,-12.767071221211118,-9497.514657126394,0.4041567393530833,13177.097596638565,Enemy
129.8,A0100,AN/APG-68(V)9,LOCK,B0100,43.10259126543769,0.0,0.0,0.0,0.0,Friendly
129.8,A0200,AN/APG-68(V)9,LOCK,B0100,27.671108670298068,0.0,0.0,0.0,0.0,Friendly
129.8,B0100,N001VE,SEARCH,None,0.0,0.0,0.0,0.0,0.0,Enemy
129.8,B0200,N001VE,SEARCH,None,0.0,0.0,0.0,0.0,0.0,Enemy
130.0,A0100,AN/APG-68(V)9,LOCK,B0100,43.14284065977747,0.0,0.0,0.0,0.0,Friendly
130.0,A0200,AN/APG-68(V)9,LOCK,B0100,27.674704042207907,0.0,0.0,0.0,0.0,Friendly
130.0,B0100,N001VE,SEARCH,None,0.0,0.0,0.0,0.0,0.0,Enemy
130.0,B0200,N001VE,SEARCH,None,0.0,0.0,0.0,0.0,0.0,Enemy
130.20000000000002,A0100,AN/APG-68(V)9,LOCK,B0100,43.18323810209283,0.0,0.0,0.0,0.0,Friendly
130.20000000000002,A0200,AN/APG-68(V)9,LOCK,B0100,27.67845038003806,0.0,0.0,0.0,0.0,Friendly
130.20000000000002,B0100,N001VE,SEARCH,None,0.0,0.0,0.0,0.0,0.0,Enemy
130.20000000000002,B0200,N001VE,SEARCH,None,0.0,0.0,0.0,0.0,0.0,Enemy
130.4,A0100,AN/APG-68(V)9,LOCK,B0100,43.2237153306762,0.0,0.0,0.0,0.0,Friendly
130.4,A0200,AN/APG-68(V)9,LOCK,B0100,27.68225448000409,0.0,0.0,0.0,0.0,Friendly
130.4,B0100,N001VE,SEARCH,None,0.0,0.0,0.0,0.0,0.0,Enemy
130.4,B0200,N001VE,SEARCH,None,0.0,0.0,0.0,0.0,0.0,Enemy
130.6,A0100,AN/APG-68(V)9,LOCK,B0100,43.26423287217676,0.0,0.0,0.0,0.0,Friendly
130.6,A0200,AN/APG-68(V)9,LOCK,B0100,27.685955084834198,0.0,0.0,0.0,0.0,Friendly
130.6,B0100,N001VE,SEARCH,None,0.0,0.0,0.0,0.0,0.0,Enemy
130.6,B0200,N001VE,SEARCH,None,0.0,0.0,0.0,0.0,0.0,Enemy
130.8,A0100,AN/APG-68(V)9,LOCK,B0100,43.30488121557587,0.0,0.0,0.0,0.0,Friendly
130.8,A0200,AN/APG-68(V)9,LOCK,B0100,27.689666642961644,0.0,0.0,0.0,0.0,Friendly
130.8,B0100,N001VE,TRACK,A0100,43.30488121557587,-12.789570274451648,-9532.702575306865,0.4770365441975127,13176.65882213203,Enemy
130.8,B0200,N001VE,LOCK,A0200,27.95027393888889,-4.809715945702267,-6514.377542904577,0.6766464387944431,13842.228206942536,Enemy
131.0,A0100,AN/APG-68(V)9,LOCK,B0100,43.34586549379486,0.0,0.0,0.0,0.0,Friendly
131.0,A0200,AN/APG-68(V)9,LOCK,B0100,27.69367363634268,0.0,0.0,0.0,0.0,Friendly
131.0,B0100,N001VE,TRACK,A0100,43.30488121557587,-12.789570274451648,-9532.702575306865,0.4586889848053016,13176.65882213203,Enemy
131.0,B0200,N001VE,LOCK,A0200,27.95027393888889,-4.809715945702267,-6514.377542904577,0.6506215757638889,13842.228206942536,Enemy
131.20000000000002,A0100,AN/APG-68(V)9,LOCK,B0100,43.387115725817424,0.0,0.0,0.0,0.0,Friendly
131.20000000000002,A0200,AN/APG-68(V)9,LOCK,B0100,27.6978479756884,0.0,0.0,0.0,0.0,Friendly
131.20000000000002,B0100,N001VE,TRACK,A0100,43.30488121557587,-12.789570274451648,-9532.702575306865,0.440341425413088,13176.65882213203,Enemy
131.20000000000002,B0200,N001VE,LOCK,A0200,27.95027393888889,-4.809715945702267,-6514.377542904577,0.6245967127333312,13842.228206942536,Enemy
131.4,A0100,AN/APG-68(V)9,LOCK,B0100,43.42854531676555,0.0,0.0,0.0,0.0,Friendly
131.4,A0200,AN/APG-68(V)9,LOCK,B0100,27.702078537071877,0.0,0.0,0.0,0.0,Friendly
131.4,B0100,N001VE,TRACK,A0100,43.30488121557587,-12.789570274451648,-9532.702575306865,0.42199386602087696,13176.65882213203,Enemy
131.4,B0200,N001VE,TRACK,A0200,27.95027393888889,-4.809715945702267,-6514.377542904577,0.598571849702777,13842.228206942536,Enemy
131.6,A0100,AN/APG-68(V)9,LOCK,B0100,43.470126111292174,0.0,0.0,0.0,0.0,Friendly
131.6,A0200,AN/APG-68(V)9,LOCK,B0100,27.70632880295871,0.0,0.0,0.0,0.0,Friendly
131.6,B0100,N001VE,TRACK,A0100,43.30488121557587,-12.789570274451648,-9532.702575306865,0.40364630662866596,13176.65882213203,Enemy
131.6,B0200,N001VE,TRACK,A0200,27.95027393888889,-4.809715945702267,-6514.377542904577,0.5725469866722229,13842.228206942536,Enemy
131.8,A0100,AN/APG-68(V)9,LOCK,B0100,43.511827609721806,0.0,0.0,0.0,0.0,Friendly
131.8,A0200,AN/APG-68(V)9,LOCK,B0100,27.71060050464571,0.0,0.0,0.0,0.0,Friendly
131.8,B0100,N001VE,SEARCH,None,0.0,0.0,0.0,0.0,0.0,Enemy
131.8,B0200,N001VE,SEARCH,None,0.0,0.0,0.0,0.0,0.0,Enemy
132.0,A0100,AN/APG-68(V)9,LOCK,B0100,43.55359853429982,0.0,0.0,0.0,0.0,Friendly
132.0,A0200,AN/APG-68(V)9,LOCK,B0100,27.71487418645774,0.0,0.0,0.0,0.0,Friendly
132.0,B0100,N001VE,SEARCH,None,0.0,0.0,0.0,0.0,0.0,Enemy
132.0,B0200,N001VE,SEARCH,None,0.0,0.0,0.0,0.0,0.0,Enemy
132.20000000000002,A0100,AN/APG-68(V)9,LOCK,B0100,43.59549468499885,0.0,0.0,0.0,0.0,Friendly
132.20000000000002,A0200,AN/APG-68(V)9,LOCK,B0100,27.71926721456466,0.0,0.0,0.0,0.0,Friendly
132.20000000000002,B0100,N001VE,SEARCH,None,0.0,0.0,0.0,0.0,0.0,Enemy
132.20000000000002,B0200,N001VE,SEARCH,None,0.0,0.0,0.0,0.0,0.0,Enemy
132.4,A0100,AN/APG-68(V)9,LOCK,B0100,43.63765052329574,0.0,0.0,0.0,0.0,Friendly
132.4,A0200,AN/APG-68(V)9,LOCK,B0100,27.72394597129622,0.0,0.0,0.0,0.0,Friendly
132.4,B0100,N001VE,SEARCH,None,0.0,0.0,0.0,0.0,0.0,Enemy
132.4,B0200,N001VE,SEARCH,None,0.0,0.0,0.0,0.0,0.0,Enemy
132.6,A0100,AN/APG-68(V)9,LOCK,B0100,43.68002597872584,0.0,0.0,0.0,0.0,Friendly
132.6,A0200,AN/APG-68(V)9,LOCK,B0100,27.72880197738249,0.0,0.0,0.0,0.0,Friendly
132.6,B0100,N001VE,SEARCH,None,0.0,0.0,0.0,0.0,0.0,Enemy
132.6,B0200,N001VE,SEARCH,None,0.0,0.0,0.0,0.0,0.0,Enemy
132.8,A0100,AN/APG-68(V)9,LOCK,B0100,43.72247146763495,0.0,0.0,0.0,0.0,Friendly
132.8,A0200,AN/APG-68(V)9,LOCK,B0100,27.733699627939664,0.0,0.0,0.0,0.0,Friendly
132.8,B0100,N001VE,TRACK,A0100,43.72247146763495,-12.942771746835763,-9631.166231981397,0.47160787092074463,13144.990524478662,Enemy
132.8,B0200,N001VE,SEARCH,None,0.0,0.0,0.0,0.0,0.0,Enemy
133.0,A0100,AN/APG-68(V)9,LOCK,B0100,43.76484308605696,0.0,0.0,0.0,0.0,Friendly
133.0,A0200,AN/APG-68(V)9,LOCK,B0100,27.73846199568303,0.0,0.0,0.0,0.0,Friendly
133.0,B0100,N001VE,TRACK,A0100,43.72247146763495,-12.942771746835763,-9631.166231981397,0.4534691066545631,13144.990524478662,Enemy
133.0,B0200,N001VE,SEARCH,None,0.0,0.0,0.0,0.0,0.0,Enemy
133.20000000000002,A0100,AN/APG-68(V)9,LOCK,B0100,43.80690095393613,0.0,0.0,0.0,0.0,Friendly
133.20000000000002,A0200,AN/APG-68(V)9,LOCK,B0100,27.742935447522832,0.0,0.0,0.0,0.0,Friendly
133.20000000000002,B0100,N001VE,TRACK,A0100,43.72247146763495,-12.942771746835763,-9631.166231981397,0.43533034238837903,13144.990524478662,Enemy
133.20000000000002,B0200,N001VE,SEARCH,None,0.0,0.0,0.0,0.0,0.0,Enemy
133.4,A0100,AN/APG-68(V)9,LOCK,B0100,43.84870925617854,0.0,0.0,0.0,0.0,Friendly
133.4,A0200,AN/APG-68(V)9,LOCK,B0100,27.7471757664436,0.0,0.0,0.0,0.0,Friendly
133.4,B0100,N001VE,TRACK,A0100,43.72247146763495,-12.942771746835763,-9631.166231981397,0.4171915781221975,13144.990524478662,Enemy
133.4,B0200,N001VE,SEARCH,None,0.0,0.0,0.0,0.0,0.0,Enemy
133.6,A0100,AN/APG-68(V)9,LOCK,B0100,43.89051403594321,0.0,0.0,0.0,0.0,Friendly
133.6,A0200,AN/APG-68(V)9,LOCK,B0100,27.751411222605434,0.0,0.0,0.0,0.0,Friendly
133.6,B0100,N001VE,TRACK,A0100,43.72247146763495,-12.942771746835763,-9631.166231981397,0.39905281385601604,13144.990524478662,Enemy
133.6,B0200,N001VE,SEARCH,None,0.0,0.0,0.0,0.0,0.0,Enemy
133.8,A0100,AN/APG-68(V)9,LOCK,B0100,43.93251999857493,0.0,0.0,0.0,0.0,Friendly
133.8,A0200,AN/APG-68(V)9,LOCK,B0100,27.75581451938618,0.0,0.0,0.0,0.0,Friendly
133.8,B0100,N001VE,SEARCH,None,0.0,0.0,0.0,0.0,0.0,Enemy
133.8,B0200,N001VE,SEARCH,None,0.0,0.0,0.0,0.0,0.0,Enemy
134.0,A0100,AN/APG-68(V)9,LOCK,B0100,43.97464352799277,0.0,0.0,0.0,0.0,Friendly
134.0,A0200,AN/APG-68(V)9,LOCK,B0100,27.76030051235923,0.0,0.0,0.0,0.0,Friendly
134.0,B0100,N001VE,SEARCH,None,0.0,0.0,0.0,0.0,0.0,Enemy
134.0,B0200,N001VE,SEARCH,None,0.0,0.0,0.0,0.0,0.0,Enemy
134.20000000000002,A0100,AN/APG-68(V)9,LOCK,B0100,44.0167891056678,0.0,0.0,0.0,0.0,Friendly
134.20000000000002,A0200,AN/APG-68(V)9,LOCK,B0100,27.76483136768908,0.0,0.0,0.0,0.0,Friendly
134.20000000000002,B0100,N001VE,SEARCH,None,0.0,0.0,0.0,0.0,0.0,Enemy
134.20000000000002,B0200,N001VE,SEARCH,None,0.0,0.0,0.0,0.0,0.0,Enemy
134.4,A0100,AN/APG-68(V)9,LOCK,B0100,44.058874073629525,0.0,0.0,0.0,0.0,Friendly
134.4,A0200,AN/APG-68(V)9,LOCK,B0100,27.769397247287344,0.0,0.0,0.0,0.0,Friendly
134.4,B0100,N001VE,SEARCH,None,0.0,0.0,0.0,0.0,0.0,Enemy
134.4,B0200,N001VE,SEARCH,None,0.0,0.0,0.0,0.0,0.0,Enemy
134.6,A0100,AN/APG-68(V)9,LOCK,B0100,44.10103019532671,0.0,0.0,0.0,0.0,Friendly
134.6,A0200,AN/APG-68(V)9,LOCK,B0100,27.77420012534712,0.0,0.0,0.0,0.0,Friendly
134.6,B0100,N001VE,SEARCH,None,0.0,0.0,0.0,0.0,0.0,Enemy
134.6,B0200,N001VE,SEARCH,None,0.0,0.0,0.0,0.0,0.0,Enemy
134.8,A0100,AN/APG-68(V)9,LOCK,B0100,44.14356410611196,0.0,0.0,0.0,0.0,Friendly
134.8,A0200,AN/APG-68(V)9,LOCK,B0100,27.77948940691157,0.0,0.0,0.0,0.0,Friendly
134.8,B0100,N001VE,SEARCH,None,0.0,0.0,0.0,0.0,0.0,Enemy
134.8,B0200,N001VE,LOCK,A0200,28.050292753525483,-4.763996651812793,-6990.85071568804,0.6753461942041673,13774.748472052313,Enemy
135.0,A0100,AN/APG-68(V)9,LOCK,B0100,44.18634964328127,0.0,0.0,0.0,0.0,Friendly
135.0,A0200,AN/APG-68(V)9,LOCK,B0100,27.785149611173097,0.0,0.0,0.0,0.0,Friendly
135.0,B0100,N001VE,SEARCH,None,0.0,0.0,0.0,0.0,0.0,Enemy
135.0,B0200,N001VE,LOCK,A0200,28.050292753525483,-4.763996651812793,-6990.85071568804,0.6493713405809315,13774.748472052313,Enemy
135.20000000000002,A0100,AN/APG-68(V)9,LOCK,B0100,44.229087786370435,0.0,0.0,0.0,0.0,Friendly
135.20000000000002,A0200,AN/APG-68(V)9,LOCK,B0100,27.790958648130957,0.0,0.0,0.0,0.0,Friendly
135.20000000000002,B0100,N001VE,SEARCH,None,0.0,0.0,0.0,0.0,0.0,Enemy
135.20000000000002,B0200,N001VE,LOCK,A0200,28.050292753525483,-4.763996651812793,-6990.85071568804,0.623396486957692,13774.748472052313,Enemy
135.4,A0100,AN/APG-68(V)9,LOCK,B0100,44.271758772945184,0.0,0.0,0.0,0.0,Friendly
135.4,A0200,AN/APG-68(V)9,LOCK,B0100,27.796805201490482,0.0,0.0,0.0,0.0,Friendly
135.4,B0100,N001VE,SEARCH,None,0.0,0.0,0.0,0.0,0.0,Enemy
135.4,B0200,N001VE,TRACK,A0200,28.050292753525483,-4.763996651812793,-6990.85071568804,0.5974216333344562,13774.748472052313,Enemy
135.6,A0100,AN/APG-68(V)9,LOCK,B0100,44.314286461218835,0.0,0.0,0.0,0.0,Friendly
135.6,A0200,AN/APG-68(V)9,LOCK,B0100,27.802491872748103,0.0,0.0,0.0,0.0,Friendly
135.6,B0100,N001VE,SEARCH,None,0.0,0.0,0.0,0.0,0.0,Enemy
135.6,B0200,N001VE,TRACK,A0200,28.050292753525483,-4.763996651812793,-6990.85071568804,0.5714467797112205,13774.748472052313,Enemy
135.8,A0100,AN/APG-68(V)9,LOCK,B0100,44.35639976190511,0.0,0.0,0.0,0.0,Friendly
135.8,A0200,AN/APG-68(V)9,LOCK,B0100,27.807771875097707,0.0,0.0,0.0,0.0,Friendly
135.8,B0100,N001VE,TRACK,A0100,44.35639976190511,-13.176250120645381,-9703.586941266842,0.46336680309523265,13099.166568387913,Enemy
135.8,B0200,N001VE,SEARCH,None,0.0,0.0,0.0,0.0,0.0,Enemy
136.0,A0100,AN/APG-68(V)9,LOCK,B0100,44.39798030851643,0.0,0.0,0.0,0.0,Friendly
136.0,A0200,AN/APG-68(V)9,LOCK,B0100,27.81267124901317,0.0,0.0,0.0,0.0,Friendly
136.0,B0100,N001VE,TRACK,A0100,44.35639976190511,-13.176250120645381,-9703.586941266842,0.44554500297618616,13099.166568387913,Enemy
136.0,B0200,N001VE,SEARCH,None,0.0,0.0,0.0,0.0,0.0,Enemy
136.20000000000002,A0100,AN/APG-68(V)9,LOCK,B0100,44.43912470974897,0.0,0.0,0.0,0.0,Friendly
136.20000000000002,A0200,AN/APG-68(V)9,LOCK,B0100,27.817296779062058,0.0,0.0,0.0,0.0,Friendly
136.20000000000002,B0100,N001VE,TRACK,A0100,44.35639976190511,-13.176250120645381,-9703.586941266842,0.4277232028571372,13099.166568387913,Enemy
136.20000000000002,B0200,N001VE,SEARCH,None,0.0,0.0,0.0,0.0,0.0,Enemy
136.4,A0100,AN/APG-68(V)9,LOCK,B0100,44.48003690666388,0.0,0.0,0.0,0.0,Friendly
136.4,A0200,AN/APG-68(V)9,LOCK,B0100,27.821800393045134,0.0,0.0,0.0,0.0,Friendly
136.4,B0100,N001VE,TRACK,A0100,44.35639976190511,-13.176250120645381,-9703.586941266842,0.4099014027380907,13099.166568387913,Enemy
136.4,B0200,N001VE,SEARCH,None,0.0,0.0,0.0,0.0,0.0,Enemy
136.6,A0100,AN/APG-68(V)9,LOCK,B0100,44.52095285771302,0.0,0.0,0.0,0.0,Friendly
136.6,A0200,AN/APG-68(V)9,LOCK,B0100,27.826407203673508,0.0,0.0,0.0,0.0,Friendly
136.6,B0100,N001VE,TRACK,A0100,44.35639976190511,-13.176250120645381,-9703.586941266842,0.3920796026190443,13099.166568387913,Enemy
136.6,B0200,N001VE,SEARCH,None,0.0,0.0,0.0,0.0,0.0,Enemy
136.8,A0100,AN/APG-68(V)9,LOCK,B0100,44.56201771797585,0.0,0.0,0.0,0.0,Friendly
136.8,A0200,AN/APG-68(V)9,LOCK,B0100,27.831296240601894,0.0,0.0,0.0,0.0,Friendly
136.8,B0100,N001VE,TRACK,A0100,44.56201771797585,-13.251263151986343,-9734.480708732968,0.460693769666313,13084.33206803701,Enemy
136.8,B0200,N001VE,SEARCH,None,0.0,0.0,0.0,0.0,0.0,Enemy
137.0,A0100,AN/APG-68(V)9,LOCK,B0100,44.60348771971877,0.0,0.0,0.0,0.0,Friendly
137.0,A0200,AN/APG-68(V)9,LOCK,B0100,27.83679361938039,0.0,0.0,0.0,0.0,Friendly
137.0,B0100,N001VE,TRACK,A0100,44.56201771797585,-13.251263151986343,-9734.480708732968,0.44297477852530187,13084.33206803701,Enemy
137.0,B0200,N001VE,SEARCH,None,0.0,0.0,0.0,0.0,0.0,Enemy
137.20000000000002,A0100,AN/APG-68(V)9,LOCK,B0100,44.64536434970112,0.0,0.0,0.0,0.0,Friendly
137.20000000000002,A0200,AN/APG-68(V)9,LOCK,B0100,27.842823895999715,0.0,0.0,0.0,0.0,Friendly
137.20000000000002,B0100,N001VE,TRACK,A0100,44.56201771797585,-13.251263151986343,-9734.480708732968,0.4252557873842883,13084.33206803701,Enemy
137.20000000000002,B0200,N001VE,SEARCH,None,0.0,0.0,0.0,0.0,0.0,Enemy
137.4,A0100,AN/APG-68(V)9,LOCK,B0100,44.687460068411994,0.0,0.0,0.0,0.0,Friendly
137.4,A0200,AN/APG-68(V)9,LOCK,B0100,27.849003170164742,0.0,0.0,0.0,0.0,Friendly
137.4,B0100,N001VE,TRACK,A0100,44.56201771797585,-13.251263151986343,-9734.480708732968,0.4075367962432772,13084.33206803701,Enemy
137.4,B0200,N001VE,SEARCH,None,0.0,0.0,0.0,0.0,0.0,Enemy
137.6,A0100,AN/APG-68(V)9,LOCK,B0100,44.72935440010925,0.0,0.0,0.0,0.0,Friendly
137.6,A0200,AN/APG-68(V)9,LOCK,B0100,27.854954578830576,0.0,0.0,0.0,0.0,Friendly
137.6,B0100,N001VE,TRACK,A0100,44.56201771797585,-13.251263151986343,-9734.480708732968,0.38981780510226616,13084.33206803701,Enemy
137.6,B0200,N001VE,SEARCH,None,0.0,0.0,0.0,0.0,0.0,Enemy
137.8,A0100,AN/APG-68(V)9,LOCK,B0100,44.77087151025352,0.0,0.0,0.0,0.0,Friendly
137.8,A0200,AN/APG-68(V)9,LOCK,B0100,27.860702513936047,0.0,0.0,0.0,0.0,Friendly
137.8,B0100,N001VE,SEARCH,None,0.0,0.0,0.0,0.0,0.0,Enemy
137.8,B0200,N001VE,SEARCH,None,0.0,0.0,0.0,0.0,0.0,Enemy
138.0,A0100,AN/APG-68(V)9,LOCK,B0100,44.81214118088578,0.0,0.0,0.0,0.0,Friendly
138.0,A0200,AN/APG-68(V)9,LOCK,B0100,27.866346225619168,0.0,0.0,0.0,0.0,Friendly
138.0,B0100,N001VE,SEARCH,None,0.0,0.0,0.0,0.0,0.0,Enemy
138.0,B0200,N001VE,SEARCH,None,0.0,0.0,0.0,0.0,0.0,Enemy
138.20000000000002,A0100,AN/APG-68(V)9,LOCK,B0100,44.85335037915966,0.0,0.0,0.0,0.0,Friendly
138.20000000000002,A0200,AN/APG-68(V)9,LOCK,B0100,27.871968787304763,0.0,0.0,0.0,0.0,Friendly
138.20000000000002,B0100,N001VE,SEARCH,None,0.0,0.0,0.0,0.0,0.0,Enemy
138.20000000000002,B0200,N001VE,SEARCH,None,0.0,0.0,0.0,0.0,0.0,Enemy
138.4,A0100,AN/APG-68(V)9,LOCK,B0100,44.89448061655981,0.0,0.0,0.0,0.0,Friendly
138.4,A0200,AN/APG-68(V)9,LOCK,B0100,27.877581403023765,0.0,0.0,0.0,0.0,Friendly
138.4,B0100,N001VE,SEARCH,None,0.0,0.0,0.0,0.0,0.0,Enemy
138.4,B0200,N001VE,SEARCH,None,0.0,0.0,0.0,0.0,0.0,Enemy
138.6,A0100,AN/APG-68(V)9,LOCK,B0100,44.935630140002836,0.0,0.0,0.0,0.0,Friendly
138.6,A0200,AN/APG-68(V)9,LOCK,B0100,27.883411962896364,0.0,0.0,0.0,0.0,Friendly
138.6,B0100,N001VE,SEARCH,None,0.0,0.0,0.0,0.0,0.0,Enemy
138.6,B0200,N001VE,SEARCH,None,0.0,0.0,0.0,0.0,0.0,Enemy
138.8,A0100,AN/APG-68(V)9,LOCK,B0100,44.97700731147431,0.0,0.0,0.0,0.0,Friendly
138.8,A0200,AN/APG-68(V)9,LOCK,B0100,27.889674678047285,0.0,0.0,0.0,0.0,Friendly
138.8,B0100,N001VE,LOCK,A0200,27.889674678047285,-4.640065447551614,-7530.226677801841,0.6774342291853839,13770.100979715316,Enemy
138.8,B0200,N001VE,SEARCH,None,0.0,0.0,0.0,0.0,0.0,Enemy
139.0,A0100,AN/APG-68(V)9,TRACK,B0100,45.018700933839575,0.0,0.0,0.0,0.0,Friendly
139.0,A0200,AN/APG-68(V)9,LOCK,B0100,27.89628612938354,0.0,0.0,0.0,0.0,Friendly
139.0,B0100,N001VE,LOCK,A0200,27.889674678047285,-4.640065447551614,-7530.226677801841,0.6513790665244089,13770.100979715316,Enemy
139.0,B0200,N001VE,SEARCH,None,0.0,0.0,0.0,0.0,0.0,Enemy
139.20000000000002,A0100,AN/APG-68(V)9,TRACK,B0100,45.06071814613876,0.0,0.0,0.0,0.0,Friendly
139.20000000000002,A0200,AN/APG-68(V)9,LOCK,B0100,27.903210091091477,0.0,0.0,0.0,0.0,Friendly
139.20000000000002,B0100,N001VE,LOCK,A0200,27.889674678047285,-4.640065447551614,-7530.226677801841,0.6253239038634304,13770.100979715316,Enemy
139.20000000000002,B0200,N001VE,SEARCH,None,0.0,0.0,0.0,0.0,0.0,Enemy
139.4,A0100,AN/APG-68(V)9,TRACK,B0100,45.10276838167242,0.0,0.0,0.0,0.0,Friendly
139.4,A0200,AN/APG-68(V)9,LOCK,B0100,27.910303245632345,0.0,0.0,0.0,0.0,Friendly
139.4,B0100,N001VE,TRACK,A0200,27.889674678047285,-4.640065447551614,-7530.226677801841,0.5992687412024554,13770.100979715316,Enemy
139.4,B0200,N001VE,SEARCH,None,0.0,0.0,0.0,0.0,0.0,Enemy
139.6,A0100,AN/APG-68(V)9,TRACK,B0100,45.14431927676459,0.0,0.0,0.0,0.0,Friendly
139.6,A0200,AN/APG-68(V)9,LOCK,B0100,27.917034348330013,0.0,0.0,0.0,0.0,Friendly
139.6,B0100,N001VE,TRACK,A0200,27.889674678047285,-4.640065447551614,-7530.226677801841,0.5732135785414806,13770.100979715316,Enemy
139.6,B0200,N001VE,SEARCH,None,0.0,0.0,0.0,0.0,0.0,Enemy
139.8,A0100,AN/APG-68(V)9,TRACK,B0100,45.18521322098352,0.0,0.0,0.0,0.0,Friendly
139.8,A0200,AN/APG-68(V)9,LOCK,B0100,27.923182450215553,0.0,0.0,0.0,0.0,Friendly
139.8,B0100,N001VE,LOCK,A0200,27.923182450215553,-4.63967654559174,-7724.928219339704,0.6769986281471965,13756.007190338278,Enemy
139.8,B0200,N001VE,SEARCH,None,0.0,0.0,0.0,0.0,0.0,Enemy
140.0,A0100,AN/APG-68(V)9,TRACK,B0100,45.22570758751186,0.0,0.0,0.0,0.0,Friendly
140.0,A0200,AN/APG-68(V)9,LOCK,B0100,27.928937176929942,0.0,0.0,0.0,0.0,Friendly
140.0,B0100,N001VE,LOCK,A0200,27.923182450215553,-4.63967654559174,-7724.928219339704,0.6509602193723056,13756.007190338278,Enemy
140.0,B0200,N001VE,SEARCH,None,0.0,0.0,0.0,0.0,0.0,Enemy
140.20000000000002,A0100,AN/APG-68(V)9,TRACK,B0100,45.26615361939839,0.0,0.0,0.0,0.0,Friendly
140.20000000000002,A0200,AN/APG-68(V)9,LOCK,B0100,27.934607879022018,0.0,0.0,0.0,0.0,Friendly
140.20000000000002,B0100,N001VE,LOCK,A0200,27.923182450215553,-4.63967654559174,-7724.928219339704,0.6249218105974113,13756.007190338278,Enemy
140.20000000000002,B0200,N001VE,SEARCH,None,0.0,0.0,0.0,0.0,0.0,Enemy
140.4,A0100,AN/APG-68(V)9,TRACK,B0100,45.30666325164023,0.0,0.0,0.0,0.0,Friendly
140.4,A0200,AN/APG-68(V)9,LOCK,B0100,27.940435161372882,0.0,0.0,0.0,0.0,Friendly
140.4,B0100,N001VE,TRACK,A0200,27.923182450215553,-4.63967654559174,-7724.928219339704,0.5988834018225204,13756.007190338278,Enemy
140.4,B0200,N001VE,SEARCH,None,0.0,0.0,0.0,0.0,0.0,Enemy
140.6,A0100,AN/APG-68(V)9,TRACK,B0100,45.347448335909576,0.0,0.0,0.0,0.0,Friendly
140.6,A0200,AN/APG-68(V)9,LOCK,B0100,27.94669960082986,0.0,0.0,0.0,0.0,Friendly
140.6,B0100,N001VE,TRACK,A0200,27.923182450215553,-4.63967654559174,-7724.928219339704,0.5728449930476297,13756.007190338278,Enemy
140.6,B0200,N001VE,SEARCH,None,0.0,0.0,0.0,0.0,0.0,Enemy
140.8,A0100,AN/APG-68(V)9,TRACK,B0100,45.388956102375104,0.0,0.0,0.0,0.0,Friendly
140.8,A0200,AN/APG-68(V)9,LOCK,B0100,27.953748572185344,0.0,0.0,0.0,0.0,Friendly
140.8,B0100,N001VE,LOCK,A0200,27.953748572185344,-4.63819154826316,-7897.951844132907,0.676601268561589,13742.515619202588,Enemy
140.8,B0200,N001VE,SEARCH,None,0.0,0.0,0.0,0.0,0.0,Enemy
141.0,A0100,AN/APG-68(V)9,TRACK,B0100,45.43085589976733,0.0,0.0,0.0,0.0,Friendly
141.0,A0200,AN/APG-68(V)9,LOCK,B0100,27.961226013681284,0.0,0.0,0.0,0.0,Friendly
141.0,B0100,N001VE,LOCK,A0200,27.953748572185344,-4.63819154826316,-7897.951844132907,0.6505781428476831,13742.515619202588,Enemy
141.0,B0200,N001VE,SEARCH,None,0.0,0.0,0.0,0.0,0.0,Enemy
141.20000000000002,A0100,AN/APG-68(V)9,TRACK,B0100,45.47242053253314,0.0,0.0,0.0,0.0,Friendly
141.20000000000002,A0200,AN/APG-68(V)9,LOCK,B0100,27.968432607811017,0.0,0.0,0.0,0.0,Friendly
141.20000000000002,B0100,N001VE,LOCK,A0200,27.953748572185344,-4.63819154826316,-7897.951844132907,0.6245550171337736,13742.515619202588,Enemy
141.20000000000002,B0200,N001VE,SEARCH,None,0.0,0.0,0.0,0.0,0.0,Enemy
141.4,A0100,AN/APG-68(V)9,TRACK,B0100,45.513421147369414,0.0,0.0,0.0,0.0,Friendly
141.4,A0200,AN/APG-68(V)9,LOCK,B0100,27.975095594716606,0.0,0.0,0.0,0.0,Friendly
141.4,B0100,N001VE,TRACK,A0200,27.953748572185344,-4.63819154826316,-7897.951844132907,0.5985318914198677,13742.515619202588,Enemy
141.4,B0200,N001VE,SEARCH,None,0.0,0.0,0.0,0.0,0.0,Enemy
141.6,A0100,AN/APG-68(V)9,TRACK,B0100,45.55398051975944,0.0,0.0,0.0,0.0,Friendly
141.6,A0200,AN/APG-68(V)9,LOCK,B0100,27.981216466554805,0.0,0.0,0.0,0.0,Friendly
141.6,B0100,N001VE,TRACK,A0200,27.953748572185344,-4.63819154826316,-7897.951844132907,0.5725087657059619,13742.515619202588,Enemy
141.6,B0200,N001VE,SEARCH,None,0.0,0.0,0.0,0.0,0.0,Enemy
141.8,A0100,AN/APG-68(V)9,TRACK,B0100,45.594284813490724,0.0,0.0,0.0,0.0,Friendly
141.8,A0200,AN/APG-68(V)9,LOCK,B0100,27.986881910767817,0.0,0.0,0.0,0.0,Friendly
141.8,B0100,N001VE,SEARCH,None,0.0,0.0,0.0,0.0,0.0,Enemy
141.8,B0200,N001VE,SEARCH,None,0.0,0.0,0.0,0.0,0.0,Enemy
142.0,A0100,AN/APG-68(V)9,TRACK,B0100,45.634557020174455,0.0,0.0,0.0,0.0,Friendly
142.0,A0200,AN/APG-68(V)9,LOCK,B0100,27.992575837321763,0.0,0.0,0.0,0.0,Friendly
142.0,B0100,N001VE,SEARCH,None,0.0,0.0,0.0,0.0,0.0,Enemy
142.0,B0200,N001VE,SEARCH,None,0.0,0.0,0.0,0.0,0.0,Enemy
142.20000000000002,A0100,AN/APG-68(V)9,TRACK,B0100,45.67502765291956,0.0,0.0,0.0,0.0,Friendly
142.20000000000002,A0200,AN/APG-68(V)9,LOCK,B0100,27.998697549622175,0.0,0.0,0.0,0.0,Friendly
142.20000000000002,B0100,N001VE,SEARCH,None,0.0,0.0,0.0,0.0,0.0,Enemy
142.20000000000002,B0200,N001VE,SEARCH,None,0.0,0.0,0.0,0.0,0.0,Enemy
142.4,A0100,AN/APG-68(V)9,TRACK,B0100,45.716091045484724,0.0,0.0,0.0,0.0,Friendly
142.4,A0200,AN/APG-68(V)9,LOCK,B0100,28.005558766981284,0.0,0.0,0.0,0.0,Friendly
142.4,B0100,N001VE,SEARCH,None,0.0,0.0,0.0,0.0,0.0,Enemy
142.4,B0200,N001VE,SEARCH,None,0.0,0.0,0.0,0.0,0.0,Enemy
142.6,A0100,AN/APG-68(V)9,TRACK,B0100,45.75744159359832,0.0,0.0,0.0,0.0,Friendly
142.6,A0200,AN/APG-68(V)9,LOCK,B0100,28.01278977834654,0.0,0.0,0.0,0.0,Friendly
142.6,B0100,N001VE,SEARCH,None,0.0,0.0,0.0,0.0,0.0,Enemy
142.6,B0200,N001VE,SEARCH,None,0.0,0.0,0.0,0.0,0.0,Enemy
142.8,A0100,AN/APG-68(V)9,TRACK,B0100,45.7983292772043,0.0,0.0,0.0,0.0,Friendly
142.8,A0200,AN/APG-68(V)9,LOCK,B0100,28.019628128419683,0.0,0.0,0.0,0.0,Friendly
142.8,B0100,N001VE,TRACK,A0100,45.7983292772043,-13.703181457127286,-10016.358341513856,0.44462171939634304,13000.047466217424,Enemy
142.8,B0200,N001VE,SEARCH,None,0.0,0.0,0.0,0.0,0.0,Enemy
143.0,A0100,AN/APG-68(V)9,TRACK,B0100,45.838553388640825,0.0,0.0,0.0,0.0,Friendly
143.0,A0200,AN/APG-68(V)9,LOCK,B0100,28.02583550973627,0.0,0.0,0.0,0.0,Friendly
143.0,B0100,N001VE,TRACK,A0100,45.7983292772043,-13.703181457127286,-10016.358341513856,0.42752088403494615,13000.047466217424,Enemy
143.0,B0200,N001VE,SEARCH,None,0.0,0.0,0.0,0.0,0.0,Enemy
143.20000000000002,A0100,AN/APG-68(V)9,TRACK,B0100,45.878289382845125,0.0,0.0,0.0,0.0,Friendly
143.20000000000002,A0200,AN/APG-68(V)9,LOCK,B0100,28.031595998170317,0.0,0.0,0.0,0.0,Friendly
143.20000000000002,B0100,N001VE,TRACK,A0100,45.7983292772043,-13.703181457127286,-10016.358341513856,0.41042004867354687,13000.047466217424,Enemy
143.20000000000002,B0200,N001VE,SEARCH,None,0.0,0.0,0.0,0.0,0.0,Enemy
143.4,A0100,AN/APG-68(V)9,TRACK,B0100,45.91781987315944,0.0,0.0,0.0,0.0,Friendly
143.4,A0200,AN/APG-68(V)9,LOCK,B0100,28.037183472248064,0.0,0.0,0.0,0.0,Friendly
143.4,B0100,N001VE,TRACK,A0100,45.7983292772043,-13.703181457127286,-10016.358341513856,0.39331921331215,13000.047466217424,Enemy
143.4,B0200,N001VE,SEARCH,None,0.0,0.0,0.0,0.0,0.0,Enemy
143.6,A0100,AN/APG-68(V)9,TRACK,B0100,45.957565569035545,0.0,0.0,0.0,0.0,Friendly
143.6,A0200,AN/APG-68(V)9,LOCK,B0100,28.04288650824192,0.0,0.0,0.0,0.0,Friendly
143.6,B0100,N001VE,TRACK,A0100,45.7983292772043,-13.703181457127286,-10016.358341513856,0.3762183779507531,13000.047466217424,Enemy
143.6,B0200,N001VE,SEARCH,None,0.0,0.0,0.0,0.0,0.0,Enemy
143.8,A0100,AN/APG-68(V)9,TRACK,B0100,45.997669878469516,0.0,0.0,0.0,0.0,Friendly
143.8,A0200,AN/APG-68(V)9,LOCK,B0100,28.048724663830008,0.0,0.0,0.0,0.0,Friendly
143.8,B0100,N001VE,LOCK,A0100,45.997669878469516,-13.77507706359646,-10077.598146634466,0.4420302915798954,12986.590793201747,Enemy
143.8,B0100,N001VE,LOCK,A0200,28.048724663830008,-4.64136005939927,-8440.564377251738,0.6753665793702084,13705.129157996036,Enemy
143.8,B0200,N001VE,TRACK,A0100,46.38035244310612,-13.908129047186861,-10168.821422576157,0.43705541823961963,12958.43291272884,Enemy
144.0,A0100,AN/APG-68(V)9,TRACK,B0100,46.037859426202544,0.0,0.0,0.0,0.0,Friendly
144.0,A0200,AN/APG-68(V)9,LOCK,B0100,28.05461330604275,0.0,0.0,0.0,0.0,Friendly
144.0,B0100,N001VE,LOCK,A0100,45.997669878469516,-13.77507706359646,-10077.598146634466,0.42502912651913105,12986.590793201747,Enemy
144.0,B0100,N001VE,LOCK,A0200,28.048724663830008,-4.64136005939927,-8440.564377251738,0.6493909417021249,13705.129157996036,Enemy
144.0,B0200,N001VE,TRACK,A0100,46.38035244310612,-13.908129047186861,-10168.821422576157,0.4202455944611736,12958.43291272884,Enemy
144.20000000000002,A0100,AN/APG-68(V)9,TRACK,B0100,46.07821695969311,0.0,0.0,0.0,0.0,Friendly
144.20000000000002,A0200,AN/APG-68(V)9,LOCK,B0100,28.060734847453798,0.0,0.0,0.0,0.0,Friendly
144.20000000000002,B0100,N001VE,LOCK,A0100,45.997669878469516,-13.77507706359646,-10077.598146634466,0.4080279614583644,12986.590793201747,Enemy
144.20000000000002,B0100,N001VE,LOCK,A0200,28.048724663830008,-4.64136005939927,-8440.564377251738,0.6234153040340377,13705.129157996036,Enemy
144.20000000000002,B0200,N001VE,TRACK,A0100,46.38035244310612,-13.908129047186861,-10168.821422576157,0.40343577068272524,12958.43291272884,Enemy
144.4,A0100,AN/APG-68(V)9,TRACK,B0100,46.11871095982401,0.0,0.0,0.0,0.0,Friendly
144.4,A0200,AN/APG-68(V)9,LOCK,B0100,28.067059902376602,0.0,0.0,0.0,0.0,Friendly
144.4,B0100,N001VE,TRACK,A0100,45.997669878469516,-13.77507706359646,-10077.598146634466,0.3910267963976001,12986.590793201747,Enemy
144.4,B0100,N001VE,TRACK,A0200,28.048724663830008,-4.64136005939927,-8440.564377251738,0.5974396663659541,13705.129157996036,Enemy
144.4,B0200,N001VE,TRACK,A0100,46.38035244310612,-13.908129047186861,-10168.821422576157,0.3866259469042792,12958.43291272884,Enemy
144.6,A0100,AN/APG-68(V)9,TRACK,B0100,46.15929423956557,0.0,0.0,0.0,0.0,Friendly
144.6,A0200,AN/APG-68(V)9,LOCK,B0100,28.07350910225657,0.0,0.0,0.0,0.0,Friendly
144.6,B0100,N001VE,TRACK,A0100,45.997669878469516,-13.77507706359646,-10077.598146634466,0.3740256313368358,12986.590793201747,Enemy
144.6,B0100,N001VE,TRACK,A0200,28.048724663830008,-4.64136005939927,-8440.564377251738,0.5714640286978706,13705.129157996036,Enemy
144.6,B0200,N001VE,TRACK,A0100,46.38035244310612,-13.908129047186861,-10168.821422576157,0.36981612312583323,12958.43291272884,Enemy
144.8,A0100,AN/APG-68(V)9,TRACK,B0100,46.199895381706234,0.0,0.0,0.0,0.0,Friendly
144.8,A0200,AN/APG-68(V)9,LOCK,B0100,28.080013168119528,0.0,0.0,0.0,0.0,Friendly
144.8,B0100,N001VE,TRACK,A0100,46.199895381706234,-13.848074722880625,-10126.811460273779,0.43940136003781793,12973.165650221561,Enemy
144.8,B0200,N001VE,SEARCH,None,0.0,0.0,0.0,0.0,0.0,Enemy
145.0,A0100,AN/APG-68(V)9,TRACK,B0100,46.24062743828028,0.0,0.0,0.0,0.0,Friendly
145.0,A0200,AN/APG-68(V)9,LOCK,B0100,28.086563871056562,0.0,0.0,0.0,0.0,Friendly
145.0,B0100,N001VE,TRACK,A0100,46.199895381706234,-13.848074722880625,-10126.811460273779,0.422501307728672,12973.165650221561,Enemy
145.0,B0200,N001VE,SEARCH,None,0.0,0.0,0.0,0.0,0.0,Enemy
145.20000000000002,A0100,AN/APG-68(V)9,TRACK,B0100,46.28149731080669,0.0,0.0,0.0,0.0,Friendly
145.20000000000002,A0200,AN/APG-68(V)9,LOCK,B0100,28.093026731650276,0.0,0.0,0.0,0.0,Friendly
145.20000000000002,B0100,N001VE,TRACK,A0100,46.199895381706234,-13.848074722880625,-10126.811460273779,0.4056012554195237,12973.165650221561,Enemy
145.20000000000002,B0200,N001VE,SEARCH,None,0.0,0.0,0.0,0.0,0.0,Enemy
145.4,A0100,AN/APG-68(V)9,TRACK,B0100,46.322444233393156,0.0,0.0,0.0,0.0,Friendly
145.4,A0200,AN/APG-68(V)9,LOCK,B0100,28.0994628715313,0.0,0.0,0.0,0.0,Friendly
145.4,B0100,N001VE,TRACK,A0100,46.199895381706234,-13.848074722880625,-10126.811460273779,0.38870120311037776,12973.165650221561,Enemy
145.4,B0200,N001VE,SEARCH,None,0.0,0.0,0.0,0.0,0.0,Enemy
145.6,A0100,AN/APG-68(V)9,TRACK,B0100,46.3633607045119,0.0,0.0,0.0,0.0,Friendly
145.6,A0200,AN/APG-68(V)9,LOCK,B0100,28.105901302109025,0.0,0.0,0.0,0.0,Friendly
145.6,B0100,N001VE,TRACK,A0100,46.199895381706234,-13.848074722880625,-10126.811460273779,0.37180115080123183,12973.165650221561,Enemy
145.6,B0200,N001VE,SEARCH,None,0.0,0.0,0.0,0.0,0.0,Enemy
145.8,A0100,AN/APG-68(V)9,TRACK,B0100,46.40428925246259,0.0,0.0,0.0,0.0,Friendly
145.8,A0200,AN/APG-68(V)9,LOCK,B0100,28.112406430146827,0.0,0.0,0.0,0.0,Friendly
145.8,B0100,N001VE,SEARCH,None,0.0,0.0,0.0,0.0,0.0,Enemy
145.8,B0200,N001VE,SEARCH,None,0.0,0.0,0.0,0.0,0.0,Enemy
146.0,A0100,AN/APG-68(V)9,TRACK,B0100,46.44547989145948,0.0,0.0,0.0,0.0,Friendly
146.0,A0200,AN/APG-68(V)9,LOCK,B0100,28.119197276274097,0.0,0.0,0.0,0.0,Friendly
146.0,B0100,N001VE,SEARCH,None,0.0,0.0,0.0,0.0,0.0,Enemy
146.0,B0200,N001VE,SEARCH,None,0.0,0.0,0.0,0.0,0.0,Enemy
146.20000000000002,A0100,AN/APG-68(V)9,TRACK,B0100,46.48694553205809,0.0,0.0,0.0,0.0,Friendly
146.20000000000002,A0200,AN/APG-68(V)9,LOCK,B0100,28.126249461088953,0.0,0.0,0.0,0.0,Friendly
146.20000000000002,B0100,N001VE,SEARCH,None,0.0,0.0,0.0,0.0,0.0,Enemy
146.20000000000002,B0200,N001VE,SEARCH,None,0.0,0.0,0.0,0.0,0.0,Enemy
146.4,A0100,AN/APG-68(V)9,TRACK,B0100,46.52865770636278,0.0,0.0,0.0,0.0,Friendly
146.4,A0200,AN/APG-68(V)9,LOCK,B0100,28.133531885633765,0.0,0.0,0.0,0.0,Friendly
146.4,B0100,N001VE,SEARCH,None,0.0,0.0,0.0,0.0,0.0,Enemy
146.4,B0200,N001VE,SEARCH,None,0.0,0.0,0.0,0.0,0.0,Enemy
146.6,A0100,AN/APG-68(V)9,TRACK,B0100,46.57051668085419,0.0,0.0,0.0,0.0,Friendly
146.6,A0200,AN/APG-68(V)9,LOCK,B0100,28.140903582660044,0.0,0.0,0.0,0.0,Friendly
146.6,B0100,N001VE,SEARCH,None,0.0,0.0,0.0,0.0,0.0,Enemy
146.6,B0200,N001VE,SEARCH,None,0.0,0.0,0.0,0.0,0.0,Enemy
146.8,A0100,AN/APG-68(V)9,TRACK,B0100,46.612381214760255,0.0,0.0,0.0,0.0,Friendly
146.8,A0200,AN/APG-68(V)9,LOCK,B0100,28.148142159505653,0.0,0.0,0.0,0.0,Friendly
146.8,B0100,N001VE,LOCK,A0200,28.148142159505653,-4.653369021937799,-8985.934767985544,0.6740741519264252,13671.096929002566,Enemy
146.8,B0200,N001VE,TRACK,A0100,46.99995708902475,-14.132227271308949,-10297.934057018387,0.4290005578426774,12919.24321995126,Enemy
147.0,A0100,AN/APG-68(V)9,TRACK,B0100,46.65420728554904,0.0,0.0,0.0,0.0,Friendly
147.0,A0200,AN/APG-68(V)9,LOCK,B0100,28.155287230696167,0.0,0.0,0.0,0.0,Friendly
147.0,B0100,N001VE,LOCK,A0200,28.148142159505653,-4.653369021937799,-8985.934767985544,0.6481482230061794,13671.096929002566,Enemy
147.0,B0200,N001VE,TRACK,A0100,46.99995708902475,-14.132227271308949,-10297.934057018387,0.41250053638719064,12919.24321995126,Enemy
147.20000000000002,A0100,AN/APG-68(V)9,TRACK,B0100,46.6961126360857,0.0,0.0,0.0,0.0,Friendly
147.20000000000002,A0200,AN/APG-68(V)9,LOCK,B0100,28.16255626121063,0.0,0.0,0.0,0.0,Friendly
147.20000000000002,B0100,N001VE,LOCK,A0200,28.148142159505653,-4.653369021937799,-8985.934767985544,0.62222229408593,13671.096929002566,Enemy
147.20000000000002,B0200,N001VE,TRACK,A0100,46.99995708902475,-14.132227271308949,-10297.934057018387,0.39600051493170163,12919.24321995126,Enemy
147.4,A0100,AN/APG-68(V)9,TRACK,B0100,46.73832941528265,0.0,0.0,0.0,0.0,Friendly
147.4,A0200,AN/APG-68(V)9,LOCK,B0100,28.1701764661034,0.0,0.0,0.0,0.0,Friendly
147.4,B0100,N001VE,TRACK,A0200,28.148142159505653,-4.653369021937799,-8985.934767985544,0.5962963651656843,13671.096929002566,Enemy
147.4,B0200,N001VE,TRACK,A0100,46.99995708902475,-14.132227271308949,-10297.934057018387,0.3795004934762149,12919.24321995126,Enemy
147.6,A0100,AN/APG-68(V)9,TRACK,B0100,46.780765362517705,0.0,0.0,0.0,0.0,Friendly
147.6,A0200,AN/APG-68(V)9,LOCK,B0100,28.178053570511494,0.0,0.0,0.0,0.0,Friendly
147.6,B0100,N001VE,TRACK,A0200,28.148142159505653,-4.653369021937799,-8985.934767985544,0.5703704362454386,13671.096929002566,Enemy
147.6,B0200,N001VE,TRACK,A0100,46.99995708902475,-14.132227271308949,-10297.934057018387,0.3630004720207282,12919.24321995126,Enemy
147.8,A0100,AN/APG-68(V)9,TRACK,B0100,46.82330054682146,0.0,0.0,0.0,0.0,Friendly
147.8,A0200,AN/APG-68(V)9,LOCK,B0100,28.185999583140706,0.0,0.0,0.0,0.0,Friendly
147.8,B0100,N001VE,SEARCH,None,0.0,0.0,0.0,0.0,0.0,Enemy
147.8,B0200,N001VE,TRACK,A0100,47.21246094136091,-14.20958882630875,-10340.83743677654,0.4262380077623073,12906.491519919282,Enemy
148.0,A0100,AN/APG-68(V)9,TRACK,B0100,46.86571184905551,0.0,0.0,0.0,0.0,Friendly
148.0,A0200,AN/APG-68(V)9,LOCK,B0100,28.193735331342037,0.0,0.0,0.0,0.0,Friendly
148.0,B0100,N001VE,SEARCH,None,0.0,0.0,0.0,0.0,0.0,Enemy
148.0,B0200,N001VE,TRACK,A0100,47.21246094136091,-14.20958882630875,-10340.83743677654,0.40984423823298866,12906.491519919282,Enemy
148.20000000000002,A0100,AN/APG-68(V)9,TRACK,B0100,46.90765231618383,0.0,0.0,0.0,0.0,Friendly
148.20000000000002,A0200,AN/APG-68(V)9,LOCK,B0100,28.20090503690111,0.0,0.0,0.0,0.0,Friendly
148.20000000000002,B0100,N001VE,SEARCH,None,0.0,0.0,0.0,0.0,0.0,Enemy
148.20000000000002,B0200,N001VE,TRACK,A0100,47.21246094136091,-14.20958882630875,-10340.83743677654,0.39345046870366773,12906.491519919282,Enemy
148.4,A0100,AN/APG-68(V)9,TRACK,B0100,46.94916513751888,0.0,0.0,0.0,0.0,Friendly
148.4,A0200,AN/APG-68(V)9,LOCK,B0100,28.207666792693534,0.0,0.0,0.0,0.0,Friendly
148.4,B0100,N001VE,SEARCH,None,0.0,0.0,0.0,0.0,0.0,Enemy
148.4,B0200,N001VE,SEARCH,None,0.0,0.0,0.0,0.0,0.0,Enemy
148.6,A0100,AN/APG-68(V)9,TRACK,B0100,46.99060336602301,0.0,0.0,0.0,0.0,Friendly
148.6,A0200,AN/APG-68(V)9,LOCK,B0100,28.214414403728828,0.0,0.0,0.0,0.0,Friendly
148.6,B0100,N001VE,SEARCH,None,0.0,0.0,0.0,0.0,0.0,Enemy
148.6,B0200,N001VE,SEARCH,None,0.0,0.0,0.0,0.0,0.0,Enemy
148.8,A0100,AN/APG-68(V)9,TRACK,B0100,47.032197062477074,0.0,0.0,0.0,0.0,Friendly
148.8,A0200,AN/APG-68(V)9,LOCK,B0100,28.22140323287965,0.0,0.0,0.0,0.0,Friendly
148.8,B0100,N001VE,LOCK,A0200,28.22140323287965,-4.670008244817989,-9349.731456508802,0.6731217579725632,13650.56119434177,Enemy
148.8,B0200,N001VE,SEARCH,None,0.0,0.0,0.0,0.0,0.0,Enemy
149.0,A0100,AN/APG-68(V)9,TRACK,B0100,47.07388312706827,0.0,0.0,0.0,0.0,Friendly
149.0,A0200,AN/APG-68(V)9,LOCK,B0100,28.228589493373107,0.0,0.0,0.0,0.0,Friendly
149.0,B0100,N001VE,LOCK,A0200,28.22140323287965,-4.670008244817989,-9349.731456508802,0.6472324595890044,13650.56119434177,Enemy
149.0,B0200,N001VE,SEARCH,None,0.0,0.0,0.0,0.0,0.0,Enemy
149.20000000000002,A0100,AN/APG-68(V)9,TRACK,B0100,47.11566579805748,0.0,0.0,0.0,0.0,Friendly
149.20000000000002,A0200,AN/APG-68(V)9,LOCK,B0100,28.23590222392945,0.0,0.0,0.0,0.0,Friendly
149.20000000000002,B0100,N001VE,LOCK,A0200,28.22140323287965,-4.670008244817989,-9349.731456508802,0.6213431612054421,13650.56119434177,Enemy
149.20000000000002,B0200,N001VE,SEARCH,None,0.0,0.0,0.0,0.0,0.0,Enemy
149.4,A0100,AN/APG-68(V)9,TRACK,B0100,47.15745240371981,0.0,0.0,0.0,0.0,Friendly
149.4,A0200,AN/APG-68(V)9,LOCK,B0100,28.243215107024756,0.0,0.0,0.0,0.0,Friendly
149.4,B0100,N001VE,TRACK,A0200,28.22140323287965,-4.670008244817989,-9349.731456508802,0.5954538628218833,13650.56119434177,Enemy
149.4,B0200,N001VE,SEARCH,None,0.0,0.0,0.0,0.0,0.0,Enemy
149.6,A0100,AN/APG-68(V)9,TRACK,B0100,47.19911033542374,0.0,0.0,0.0,0.0,Friendly
149.6,A0200,AN/APG-68(V)9,LOCK,B0100,28.25040830556185,0.0,0.0,0.0,0.0,Friendly
149.6,B0100,N001VE,TRACK,A0200,28.22140323287965,-4.670008244817989,-9349.731456508802,0.5695645644383246,13650.56119434177,Enemy
149.6,B0200,N001VE,SEARCH,None,0.0,0.0,0.0,0.0,0.0,Enemy
149.8,A0100,AN/APG-68(V)9,TRACK,B0100,47.24083492036382,0.0,0.0,0.0,0.0,Friendly
149.8,A0200,AN/APG-68(V)9,LOCK,B0100,28.257762260140773,0.0,0.0,0.0,0.0,Friendly
149.8,B0100,N001VE,TRACK,A0100,47.24083492036382,-14.225687946465001,-10228.185090496734,0.4258691460352695,12908.1099424024,Enemy
149.8,B0200,N001VE,SEARCH,None,0.0,0.0,0.0,0.0,0.0,Enemy
150.0,A0100,AN/APG-68(V)9,TRACK,B0100,47.282921985357376,0.0,0.0,0.0,0.0,Friendly
150.0,A0200,AN/APG-68(V)9,LOCK,B0100,28.265573515718106,0.0,0.0,0.0,0.0,Friendly
150.0,B0100,N001VE,TRACK,A0100,47.24083492036382,-14.225687946465001,-10228.185090496734,0.4094895634954523,12908.1099424024,Enemy
150.0,B0200,N001VE,SEARCH,None,0.0,0.0,0.0,0.0,0.0,Enemy
150.20000000000002,A0100,AN/APG-68(V)9,TRACK,B0100,47.32524545861274,0.0,0.0,0.0,0.0,Friendly
150.20000000000002,A0200,AN/APG-68(V)9,LOCK,B0100,28.273577965026103,0.0,0.0,0.0,0.0,Friendly
150.20000000000002,B0100,N001VE,TRACK,A0100,47.24083492036382,-14.225687946465001,-10228.185090496734,0.3931099809556328,12908.1099424024,Enemy
150.20000000000002,B0200,N001VE,SEARCH,None,0.0,0.0,0.0,0.0,0.0,Enemy
150.4,A0100,AN/APG-68(V)9,TRACK,B0100,47.36767104858212,0.0,0.0,0.0,0.0,Friendly
150.4,A0200,AN/APG-68(V)9,LOCK,B0100,28.281327763294648,0.0,0.0,0.0,0.0,Friendly
150.4,B0100,N001VE,TRACK,A0100,47.24083492036382,-14.225687946465001,-10228.185090496734,0.3767303984158156,12908.1099424024,Enemy
150.4,B0200,N001VE,SEARCH,None,0.0,0.0,0.0,0.0,0.0,Enemy
150.6,A0100,AN/APG-68(V)9,TRACK,B0100,47.41017570139387,0.0,0.0,0.0,0.0,Friendly
150.6,A0200,AN/APG-68(V)9,LOCK,B0100,28.288957131514795,0.0,0.0,0.0,0.0,Friendly
150.6,B0100,N001VE,TRACK,A0100,47.24083492036382,-14.225687946465001,-10228.185090496734,0.3603508158759985,12908.1099424024,Enemy
150.6,B0200,N001VE,SEARCH,None,0.0,0.0,0.0,0.0,0.0,Enemy
150.8,A0100,AN/APG-68(V)9,TRACK,B0100,47.452941447885784,0.0,0.0,0.0,0.0,Friendly
150.8,A0200,AN/APG-68(V)9,LOCK,B0100,28.29753410194751,0.0,0.0,0.0,0.0,Friendly
150.8,B0100,N001VE,SEARCH,None,0.0,0.0,0.0,0.0,0.0,Enemy
150.8,B0200,N001VE,LOCK,A0200,28.597324593171944,-4.812758557093618,-10015.16703801205,0.6682347802887634,13579.105419039264,Enemy
151.0,A0100,AN/APG-68(V)9,TRACK,B0100,47.49585527371928,0.0,0.0,0.0,0.0,Friendly
151.0,A0200,AN/APG-68(V)9,LOCK,B0100,28.307602083614213,0.0,0.0,0.0,0.0,Friendly
151.0,B0100,N001VE,SEARCH,None,0.0,0.0,0.0,0.0,0.0,Enemy
151.0,B0200,N001VE,LOCK,A0200,28.597324593171944,-4.812758557093618,-10015.16703801205,0.6425334425853507,13579.105419039264,Enemy
151.20000000000002,A0100,AN/APG-68(V)9,TRACK,B0100,47.538632758317,0.0,0.0,0.0,0.0,Friendly
151.20000000000002,A0200,AN/APG-68(V)9,LOCK,B0100,28.31924473851383,0.0,0.0,0.0,0.0,Friendly
151.20000000000002,B0100,N001VE,SEARCH,None,0.0,0.0,0.0,0.0,0.0,Enemy
151.20000000000002,B0200,N001VE,LOCK,A0200,28.597324593171944,-4.812758557093618,-10015.16703801205,0.6168321048819345,13579.105419039264,Enemy
151.4,A0100,AN/APG-68(V)9,TRACK,B0100,47.5813237619138,0.0,0.0,0.0,0.0,Friendly
151.4,A0200,AN/APG-68(V)9,LOCK,B0100,28.33252789143776,0.0,0.0,0.0,0.0,Friendly
151.4,B0100,N001VE,SEARCH,None,0.0,0.0,0.0,0.0,0.0,Enemy
151.4,B0200,N001VE,TRACK,A0200,28.597324593171944,-4.812758557093618,-10015.16703801205,0.5911307671785219,13579.105419039264,Enemy
151.6,A0100,AN/APG-68(V)9,TRACK,B0100,47.624201700949214,0.0,0.0,0.0,0.0,Friendly
151.6,A0200,AN/APG-68(V)9,LOCK,B0100,28.347710606914024,0.0,0.0,0.0,0.0,Friendly
151.6,B0100,N001VE,SEARCH,None,0.0,0.0,0.0,0.0,0.0,Enemy
151.6,B0200,N001VE,TRACK,A0200,28.597324593171944,-4.812758557093618,-10015.16703801205,0.5654294294751093,13579.105419039264,Enemy
151.8,A0100,AN/APG-68(V)9,TRACK,B0100,47.66743824734012,0.0,0.0,0.0,0.0,Friendly
151.8,A0200,AN/APG-68(V)9,LOCK,B0100,28.365038572873406,0.0,0.0,0.0,0.0,Friendly
151.8,B0100,N001VE,LOCK,A0200,28.365038572873406,-4.725360528308453,-9777.430632609992,0.6712544985526444,13623.516310391611,Enemy
151.8,B0200,N001VE,TRACK,A0100,48.06270654210457,-14.51828902295033,-10295.306758440956,0.4151848149526397,12856.994979350151,Enemy
152.0,A0100,AN/APG-68(V)9,TRACK,B0100,47.71089661021375,0.0,0.0,0.0,0.0,Friendly
152.0,A0200,AN/APG-68(V)9,LOCK,B0100,28.384353779317824,0.0,0.0,0.0,0.0,Friendly
152.0,B0100,N001VE,LOCK,A0200,28.365038572873406,-4.725360528308453,-9777.430632609992,0.6454370178390825,13623.516310391611,Enemy
152.0,B0200,N001VE,TRACK,A0100,48.06270654210457,-14.51828902295033,-10295.306758440956,0.3992161682236929,12856.994979350151,Enemy
152.20000000000002,A0100,AN/APG-68(V)9,TRACK,B0100,47.75433259640055,0.0,0.0,0.0,0.0,Friendly
152.20000000000002,A0200,AN/APG-68(V)9,LOCK,B0100,28.40538135110961,0.0,0.0,0.0,0.0,Friendly
152.20000000000002,B0100,N001VE,LOCK,A0200,28.365038572873406,-4.725360528308453,-9777.430632609992,0.619619537125517,13623.516310391611,Enemy
152.20000000000002,B0200,N001VE,TRACK,A0100,48.06270654210457,-14.51828902295033,-10295.306758440956,0.38324752149474384,12856.994979350151,Enemy
152.4,A0100,AN/APG-68(V)9,TRACK,B0100,47.79777466312987,0.0,0.0,0.0,0.0,Friendly
152.4,A0200,AN/APG-68(V)9,LOCK,B0100,28.428097498517,0.0,0.0,0.0,0.0,Friendly
152.4,B0100,N001VE,TRACK,A0200,28.365038572873406,-4.725360528308453,-9777.430632609992,0.5938020564119552,13623.516310391611,Enemy
152.4,B0200,N001VE,TRACK,A0100,48.06270654210457,-14.51828902295033,-10295.306758440956,0.36727887476579696,12856.994979350151,Enemy
152.6,A0100,AN/APG-68(V)9,TRACK,B0100,47.84117414957471,0.0,0.0,0.0,0.0,Friendly
152.6,A0200,AN/APG-68(V)9,LOCK,B0100,28.45260025001536,0.0,0.0,0.0,0.0,Friendly
152.6,B0100,N001VE,TRACK,A0200,28.365038572873406,-4.725360528308453,-9777.430632609992,0.5679845756983933,13623.516310391611,Enemy
152.6,B0200,N001VE,TRACK,A0100,48.06270654210457,-14.51828902295033,-10295.306758440956,0.3513102280368502,12856.994979350151,Enemy
152.8,A0100,AN/APG-68(V)9,TRACK,B0100,47.88414220746311,0.0,0.0,0.0,0.0,Friendly
152.8,A0200,AN/APG-68(V)9,LOCK,B0100,28.478539739472925,0.0,0.0,0.0,0.0,Friendly
152.8,B0100,N001VE,SEARCH,None,0.0,0.0,0.0,0.0,0.0,Enemy
152.8,B0200,N001VE,SEARCH,None,0.0,0.0,0.0,0.0,0.0,Enemy
153.0,A0100,AN/APG-68(V)9,TRACK,B0100,47.92660360331384,0.0,0.0,0.0,0.0,Friendly
153.0,A0200,AN/APG-68(V)9,LOCK,B0100,28.505780709153182,0.0,0.0,0.0,0.0,Friendly
153.0,B0100,N001VE,SEARCH,None,0.0,0.0,0.0,0.0,0.0,Enemy
153.0,B0200,N001VE,SEARCH,None,0.0,0.0,0.0,0.0,0.0,Enemy
153.20000000000002,A0100,AN/APG-68(V)9,TRACK,B0100,47.968778935059945,0.0,0.0,0.0,0.0,Friendly
153.20000000000002,A0200,AN/APG-68(V)9,LOCK,B0100,28.534361528549717,0.0,0.0,0.0,0.0,Friendly
153.20000000000002,B0100,N001VE,SEARCH,None,0.0,0.0,0.0,0.0,0.0,Enemy
153.20000000000002,B0200,N001VE,SEARCH,None,0.0,0.0,0.0,0.0,0.0,Enemy
153.4,A0100,AN/APG-68(V)9,TRACK,B0100,48.0108039300555,0.0,0.0,0.0,0.0,Friendly
153.4,A0200,AN/APG-68(V)9,LOCK,B0100,28.56423327132642,0.0,0.0,0.0,0.0,Friendly
153.4,B0100,N001VE,SEARCH,None,0.0,0.0,0.0,0.0,0.0,Enemy
153.4,B0200,N001VE,SEARCH,None,0.0,0.0,0.0,0.0,0.0,Enemy
153.60000000000002,A0100,AN/APG-68(V)9,TRACK,B0100,48.052884801909194,0.0,0.0,0.0,0.0,Friendly
153.60000000000002,A0200,AN/APG-68(V)9,LOCK,B0100,28.59558358356906,0.0,0.0,0.0,0.0,Friendly
153.60000000000002,B0100,N001VE,SEARCH,None,0.0,0.0,0.0,0.0,0.0,Enemy
153.60000000000002,B0200,N001VE,SEARCH,None,0.0,0.0,0.0,0.0,0.0,Enemy
153.8,A0100,AN/APG-68(V)9,TRACK,B0100,48.09504534019359,0.0,0.0,0.0,0.0,Friendly
153.8,A0200,AN/APG-68(V)9,LOCK,B0100,28.62856854063953,0.0,0.0,0.0,0.0,Friendly
153.8,B0100,N001VE,SEARCH,None,0.0,0.0,0.0,0.0,0.0,Enemy
153.8,B0200,N001VE,SEARCH,None,0.0,0.0,0.0,0.0,0.0,Enemy
154.0,A0100,AN/APG-68(V)9,TRACK,B0100,48.13689500358879,0.0,0.0,0.0,0.0,Friendly
154.0,A0200,AN/APG-68(V)9,LOCK,B0100,28.662719388320358,0.0,0.0,0.0,0.0,Friendly
154.0,B0100,N001VE,SEARCH,None,0.0,0.0,0.0,0.0,0.0,Enemy
154.0,B0200,N001VE,SEARCH,None,0.0,0.0,0.0,0.0,0.0,Enemy
154.20000000000002,A0100,AN/APG-68(V)9,TRACK,B0100,48.17824360492866,0.0,0.0,0.0,0.0,Friendly
154.20000000000002,A0200,AN/APG-68(V)9,LOCK,B0100,28.697749365652502,0.0,0.0,0.0,0.0,Friendly
154.20000000000002,B0100,N001VE,SEARCH,None,0.0,0.0,0.0,0.0,0.0,Enemy
154.20000000000002,B0200,N001VE,SEARCH,None,0.0,0.0,0.0,0.0,0.0,Enemy
154.4,A0100,AN/APG-68(V)9,TRACK,B0100,48.21913555002194,0.0,0.0,0.0,0.0,Friendly
154.4,A0200,AN/APG-68(V)9,LOCK,B0100,28.733919796763335,0.0,0.0,0.0,0.0,Friendly
154.4,B0100,N001VE,SEARCH,None,0.0,0.0,0.0,0.0,0.0,Enemy
154.4,B0200,N001VE,SEARCH,None,0.0,0.0,0.0,0.0,0.0,Enemy
154.60000000000002,A0100,AN/APG-68(V)9,TRACK,B0100,48.25998622372516,0.0,0.0,0.0,0.0,Friendly
154.60000000000002,A0200,AN/APG-68(V)9,LOCK,B0100,28.77152090869953,0.0,0.0,0.0,0.0,Friendly
154.60000000000002,B0100,N001VE,SEARCH,None,0.0,0.0,0.0,0.0,0.0,Enemy
154.60000000000002,B0200,N001VE,SEARCH,None,0.0,0.0,0.0,0.0,0.0,Enemy
154.8,A0100,AN/APG-68(V)9,TRACK,B0100,48.300975641383225,0.0,0.0,0.0,0.0,Friendly
154.8,A0200,AN/APG-68(V)9,LOCK,B0100,28.810284143719425,0.0,0.0,0.0,0.0,Friendly
154.8,B0100,N001VE,LOCK,A0200,28.810284143719425,-4.964469928372256,-9794.638780417947,0.665466306131646,13579.982014454172,Enemy
154.8,B0200,N001VE,SEARCH,None,0.0,0.0,0.0,0.0,0.0,Enemy
155.0,A0100,AN/APG-68(V)9,TRACK,B0100,48.3421449328377,0.0,0.0,0.0,0.0,Friendly
155.0,A0200,AN/APG-68(V)9,LOCK,B0100,28.849858991331473,0.0,0.0,0.0,0.0,Friendly
155.0,B0100,N001VE,LOCK,A0200,28.810284143719425,-4.964469928372256,-9794.638780417947,0.6398714482035072,13579.982014454172,Enemy
155.0,B0200,N001VE,SEARCH,None,0.0,0.0,0.0,0.0,0.0,Enemy
155.20000000000002,A0100,AN/APG-68(V)9,TRACK,B0100,48.383820541825095,0.0,0.0,0.0,0.0,Friendly
155.20000000000002,A0200,AN/APG-68(V)9,LOCK,B0100,28.890232004065826,0.0,0.0,0.0,0.0,Friendly
155.20000000000002,B0100,N001VE,LOCK,A0200,28.810284143719425,-4.964469928372256,-9794.638780417947,0.6142765902753647,13579.982014454172,Enemy
155.20000000000002,B0200,N001VE,SEARCH,None,0.0,0.0,0.0,0.0,0.0,Enemy
155.4,A0100,AN/APG-68(V)9,TRACK,B0100,48.4257062356907,0.0,0.0,0.0,0.0,Friendly
155.4,A0200,AN/APG-68(V)9,LOCK,B0100,28.930949491983057,0.0,0.0,0.0,0.0,Friendly
155.4,B0100,N001VE,TRACK,A0200,28.810284143719425,-4.964469928372256,-9794.638780417947,0.5886817323472259,13579.982014454172,Enemy
155.4,B0200,N001VE,SEARCH,None,0.0,0.0,0.0,0.0,0.0,Enemy
155.60000000000002,A0100,AN/APG-68(V)9,TRACK,B0100,48.46720941577463,0.0,0.0,0.0,0.0,Friendly
155.60000000000002,A0200,AN/APG-68(V)9,LOCK,B0100,28.971610570931542,0.0,0.0,0.0,0.0,Friendly
155.60000000000002,B0100,N001VE,TRACK,A0200,28.810284143719425,-4.964469928372256,-9794.638780417947,0.5630868744190834,13579.982014454172,Enemy
155.60000000000002,B0200,N001VE,SEARCH,None,0.0,0.0,0.0,0.0,0.0,Enemy
155.8,A0100,AN/APG-68(V)9,TRACK,B0100,48.508249326098955,0.0,0.0,0.0,0.0,Friendly
155.8,A0200,AN/APG-68(V)9,LOCK,B0100,29.012266964706214,0.0,0.0,0.0,0.0,Friendly
155.8,B0100,N001VE,SEARCH,None,0.0,0.0,0.0,0.0,0.0,Enemy
155.8,B0200,N001VE,SEARCH,None,0.0,0.0,0.0,0.0,0.0,Enemy
156.0,A0100,AN/APG-68(V)9,TRACK,B0100,48.5492557166361,0.0,0.0,0.0,0.0,Friendly
156.0,A0200,AN/APG-68(V)9,LOCK,B0100,29.053357891457395,0.0,0.0,0.0,0.0,Friendly
156.0,B0100,N001VE,SEARCH,None,0.0,0.0,0.0,0.0,0.0,Enemy
156.0,B0200,N001VE,SEARCH,None,0.0,0.0,0.0,0.0,0.0,Enemy
156.20000000000002,A0100,AN/APG-68(V)9,TRACK,B0100,48.59050323249633,0.0,0.0,0.0,0.0,Friendly
156.20000000000002,A0200,AN/APG-68(V)9,LOCK,B0100,29.09509571238437,0.0,0.0,0.0,0.0,Friendly
156.20000000000002,B0100,N001VE,SEARCH,None,0.0,0.0,0.0,0.0,0.0,Enemy
156.20000000000002,B0200,N001VE,SEARCH,None,0.0,0.0,0.0,0.0,0.0,Enemy
156.4,A0100,AN/APG-68(V)9,TRACK,B0100,48.6319462896754,0.0,0.0,0.0,0.0,Friendly
156.4,A0200,AN/APG-68(V)9,LOCK,B0100,29.137335142851747,0.0,0.0,0.0,0.0,Friendly
156.4,B0100,N001VE,SEARCH,None,0.0,0.0,0.0,0.0,0.0,Enemy
156.4,B0200,N001VE,SEARCH,None,0.0,0.0,0.0,0.0,0.0,Enemy
156.60000000000002,A0100,AN/APG-68(V)9,TRACK,B0100,48.67363653424215,0.0,0.0,0.0,0.0,Friendly
156.60000000000002,A0200,AN/APG-68(V)9,LOCK,B0100,29.179987255403425,0.0,0.0,0.0,0.0,Friendly
156.60000000000002,B0100,N001VE,SEARCH,None,0.0,0.0,0.0,0.0,0.0,Enemy
156.60000000000002,B0200,N001VE,SEARCH,None,0.0,0.0,0.0,0.0,0.0,Enemy
156.8,A0100,AN/APG-68(V)9,TRACK,B0100,48.715507606562895,0.0,0.0,0.0,0.0,Friendly
156.8,A0200,AN/APG-68(V)9,LOCK,B0100,29.22291536374056,0.0,0.0,0.0,0.0,Friendly
156.8,B0100,N001VE,TRACK,A0100,48.715507606562895,-14.758308946704599,-10279.483733659872,0.4066984011146814,12822.834931218613,Enemy
156.8,B0200,N001VE,LOCK,A0200,29.53591482622905,-5.309738048105746,-10437.219047866829,0.656033107259021,13488.646603668922,Enemy
157.0,A0100,AN/APG-68(V)9,TRACK,B0100,48.75725726503392,0.0,0.0,0.0,0.0,Friendly
157.0,A0200,AN/APG-68(V)9,LOCK,B0100,29.26583272946084,0.0,0.0,0.0,0.0,Friendly
157.0,B0100,N001VE,TRACK,A0100,48.715507606562895,-14.758308946704599,-10279.483733659872,0.39105615491796375,12822.834931218613,Enemy
157.0,B0200,N001VE,LOCK,A0200,29.53591482622905,-5.309738048105746,-10437.219047866829,0.6308010646721369,13488.646603668922,Enemy
157.20000000000002,A0100,AN/APG-68(V)9,TRACK,B0100,48.79845390053078,0.0,0.0,0.0,0.0,Friendly
157.20000000000002,A0200,AN/APG-68(V)9,LOCK,B0100,29.308285035150277,0.0,0.0,0.0,0.0,Friendly
157.20000000000002,B0100,N001VE,TRACK,A0100,48.715507606562895,-14.758308946704599,-10279.483733659872,0.37541390872124386,12822.834931218613,Enemy
157.20000000000002,B0200,N001VE,LOCK,A0200,29.53591482622905,-5.309738048105746,-10437.219047866829,0.6055690220852493,13488.646603668922,Enemy
157.4,A0100,AN/APG-68(V)9,TRACK,B0100,48.83893183524374,0.0,0.0,0.0,0.0,Friendly
157.4,A0200,AN/APG-68(V)9,LOCK,B0100,29.350052772898767,0.0,0.0,0.0,0.0,Friendly
157.4,B0100,N001VE,TRACK,A0100,48.715507606562895,-14.758308946704599,-10279.483733659872,0.3597716625245262,12822.834931218613,Enemy
157.4,B0200,N001VE,TRACK,A0200,29.53591482622905,-5.309738048105746,-10437.219047866829,0.5803369794983653,13488.646603668922,Enemy
157.60000000000002,A0100,AN/APG-68(V)9,TRACK,B0100,48.87870985269942,0.0,0.0,0.0,0.0,Friendly
157.60000000000002,A0200,AN/APG-68(V)9,LOCK,B0100,29.3911554718454,0.0,0.0,0.0,0.0,Friendly
157.60000000000002,B0100,N001VE,TRACK,A0100,48.715507606562895,-14.758308946704599,-10279.483733659872,0.3441294163278063,12822.834931218613,Enemy
157.60000000000002,B0200,N001VE,TRACK,A0200,29.53591482622905,-5.309738048105746,-10437.219047866829,0.5551049369114777,13488.646603668922,Enemy
157.8,A0100,AN/APG-68(V)9,TRACK,B0100,48.91792571343151,0.0,0.0,0.0,0.0,Friendly
157.8,A0200,AN/APG-68(V)9,LOCK,B0100,29.43174038365482,0.0,0.0,0.0,0.0,Friendly
157.8,B0100,N001VE,SEARCH,None,0.0,0.0,0.0,0.0,0.0,Enemy
157.8,B0200,N001VE,LOCK,A0200,29.74753914522932,-5.420615373006044,-10478.330612440695,0.6532819911120175,13468.988526930161,Enemy
158.0,A0100,AN/APG-68(V)9,TRACK,B0100,48.95711338387866,0.0,0.0,0.0,0.0,Friendly
158.0,A0200,AN/APG-68(V)9,LOCK,B0100,29.472427398210478,0.0,0.0,0.0,0.0,Friendly
158.0,B0100,N001VE,SEARCH,None,0.0,0.0,0.0,0.0,0.0,Enemy
158.0,B0200,N001VE,LOCK,A0200,29.74753914522932,-5.420615373006044,-10478.330612440695,0.6281557606846335,13468.988526930161,Enemy
158.20000000000002,A0100,AN/APG-68(V)9,TRACK,B0100,48.99663477925385,0.0,0.0,0.0,0.0,Friendly
158.20000000000002,A0200,AN/APG-68(V)9,LOCK,B0100,29.513563765026866,0.0,0.0,0.0,0.0,Friendly
158.20000000000002,B0100,N001VE,SEARCH,None,0.0,0.0,0.0,0.0,0.0,Enemy
158.20000000000002,B0200,N001VE,LOCK,A0200,29.74753914522932,-5.420615373006044,-10478.330612440695,0.603029530257246,13468.988526930161,Enemy
158.4,A0100,AN/APG-68(V)9,TRACK,B0100,49.036477751048665,0.0,0.0,0.0,0.0,Friendly
158.4,A0200,AN/APG-68(V)9,LOCK,B0100,29.555180562982223,0.0,0.0,0.0,0.0,Friendly
158.4,B0100,N001VE,SEARCH,None,0.0,0.0,0.0,0.0,0.0,Enemy
158.4,B0200,N001VE,TRACK,A0200,29.74753914522932,-5.420615373006044,-10478.330612440695,0.5779032998298621,13468.988526930161,Enemy
158.60000000000002,A0100,AN/APG-68(V)9,TRACK,B0100,49.07681101029647,0.0,0.0,0.0,0.0,Friendly
158.60000000000002,A0200,AN/APG-68(V)9,LOCK,B0100,29.597513773927822,0.0,0.0,0.0,0.0,Friendly
158.60000000000002,B0100,N001VE,SEARCH,None,0.0,0.0,0.0,0.0,0.0,Enemy
158.60000000000002,B0200,N001VE,TRACK,A0200,29.74753914522932,-5.420615373006044,-10478.330612440695,0.5527770694024746,13468.988526930161,Enemy
158.8,A0100,AN/APG-68(V)9,TRACK,B0100,49.11793430950794,0.0,0.0,0.0,0.0,Friendly
158.8,A0200,AN/APG-68(V)9,LOCK,B0100,29.640826417833345,0.0,0.0,0.0,0.0,Friendly
158.8,B0100,N001VE,LOCK,A0200,29.640826417833345,-5.400457567034426,-10363.976016282551,0.6546692565681651,13499.322592320746,Enemy
158.8,B0200,N001VE,SEARCH,None,0.0,0.0,0.0,0.0,0.0,Enemy
159.0,A0100,AN/APG-68(V)9,TRACK,B0100,49.15924434949363,0.0,0.0,0.0,0.0,Friendly
159.0,A0200,AN/APG-68(V)9,LOCK,B0100,29.684380135600254,0.0,0.0,0.0,0.0,Friendly
159.0,B0100,N001VE,LOCK,A0200,29.640826417833345,-5.400457567034426,-10363.976016282551,0.6294896697770832,13499.322592320746,Enemy
159.0,B0200,N001VE,SEARCH,None,0.0,0.0,0.0,0.0,0.0,Enemy
159.20000000000002,A0100,AN/APG-68(V)9,TRACK,B0100,49.20021746525451,0.0,0.0,0.0,0.0,Friendly
159.20000000000002,A0200,AN/APG-68(V)9,LOCK,B0100,29.727593689442052,0.0,0.0,0.0,0.0,Friendly
159.20000000000002,B0100,N001VE,LOCK,A0200,29.640826417833345,-5.400457567034426,-10363.976016282551,0.6043100829859978,13499.322592320746,Enemy
159.20000000000002,B0200,N001VE,SEARCH,None,0.0,0.0,0.0,0.0,0.0,Enemy
159.4,A0100,AN/APG-68(V)9,TRACK,B0100,49.24087453208284,0.0,0.0,0.0,0.0,Friendly
159.4,A0200,AN/APG-68(V)9,LOCK,B0100,29.770488061481643,0.0,0.0,0.0,0.0,Friendly
159.4,B0100,N001VE,TRACK,A0200,29.640826417833345,-5.400457567034426,-10363.976016282551,0.5791304961949159,13499.322592320746,Enemy
159.4,B0200,N001VE,SEARCH,None,0.0,0.0,0.0,0.0,0.0,Enemy
159.60000000000002,A0100,AN/APG-68(V)9,TRACK,B0100,49.281430822022244,0.0,0.0,0.0,0.0,Friendly
159.60000000000002,A0200,AN/APG-68(V)9,LOCK,B0100,29.8132810456445,0.0,0.0,0.0,0.0,Friendly
159.60000000000002,B0100,N001VE,TRACK,A0200,29.640826417833345,-5.400457567034426,-10363.976016282551,0.5539509094038304,13499.322592320746,Enemy
159.60000000000002,B0200,N001VE,SEARCH,None,0.0,0.0,0.0,0.0,0.0,Enemy
159.8,A0100,AN/APG-68(V)9,TRACK,B0100,49.32226185455592,0.0,0.0,0.0,0.0,Friendly
159.8,A0200,AN/APG-68(V)9,LOCK,B0100,29.85648275440035,0.0,0.0,0.0,0.0,Friendly
159.8,B0100,N001VE,SEARCH,None,0.0,0.0,0.0,0.0,0.0,Enemy
159.8,B0200,N001VE,TRACK,A0100,49.728867136553475,-15.11284244185698,-10445.621915435655,0.393524727224804,12762.986165507305,Enemy
160.0,A0100,AN/APG-68(V)9,TRACK,B0100,49.363098551658354,0.0,0.0,0.0,0.0,Friendly
160.0,A0200,AN/APG-68(V)9,LOCK,B0100,29.899806528376114,0.0,0.0,0.0,0.0,Friendly
160.0,B0100,N001VE,SEARCH,None,0.0,0.0,0.0,0.0,0.0,Enemy
160.0,B0200,N001VE,TRACK,A0100,49.728867136553475,-15.11284244185698,-10445.621915435655,0.3783891607930816,12762.986165507305,Enemy
160.20000000000002,A0100,AN/APG-68(V)9,TRACK,B0100,49.40353848012847,0.0,0.0,0.0,0.0,Friendly
160.20000000000002,A0200,AN/APG-68(V)9,LOCK,B0100,29.942753765003495,0.0,0.0,0.0,0.0,Friendly
160.20000000000002,B0100,N001VE,SEARCH,None,0.0,0.0,0.0,0.0,0.0,Enemy
160.20000000000002,B0200,N001VE,TRACK,A0100,49.728867136553475,-15.11284244185698,-10445.621915435655,0.36325359436135707,12762.986165507305,Enemy
160.4,A0100,AN/APG-68(V)9,TRACK,B0100,49.4436891751677,0.0,0.0,0.0,0.0,Friendly
160.4,A0200,AN/APG-68(V)9,LOCK,B0100,29.98534842169009,0.0,0.0,0.0,0.0,Friendly
160.4,B0100,N001VE,SEARCH,None,0.0,0.0,0.0,0.0,0.0,Enemy
160.4,B0200,N001VE,TRACK,A0100,49.728867136553475,-15.11284244185698,-10445.621915435655,0.34811802792963464,12762.986165507305,Enemy
160.60000000000002,A0100,AN/APG-68(V)9,TRACK,B0100,49.48367698889885,0.0,0.0,0.0,0.0,Friendly
160.60000000000002,A0200,AN/APG-68(V)9,LOCK,B0100,30.027723959324902,0.0,0.0,0.0,0.0,Friendly
160.60000000000002,B0100,N001VE,SEARCH,None,0.0,0.0,0.0,0.0,0.0,Enemy
160.60000000000002,B0200,N001VE,TRACK,A0100,49.728867136553475,-15.11284244185698,-10445.621915435655,0.3329824614979101,12762.986165507305,Enemy
160.8,A0100,AN/APG-68(V)9,TRACK,B0100,49.52386334377939,0.0,0.0,0.0,0.0,Friendly
160.8,A0200,AN/APG-68(V)9,LOCK,B0100,30.070325602965223,0.0,0.0,0.0,0.0,Friendly
160.8,B0100,N001VE,LOCK,A0200,30.070325602965223,-5.625475610325964,-10509.689002781693,0.6490857671614507,13460.450396774706,Enemy
160.8,B0200,N001VE,SEARCH,None,0.0,0.0,0.0,0.0,0.0,Enemy
161.0,A0100,AN/APG-68(V)9,TRACK,B0100,49.56458649234986,0.0,0.0,0.0,0.0,Friendly
161.0,A0200,AN/APG-68(V)9,LOCK,B0100,30.11352257795082,0.0,0.0,0.0,0.0,Friendly
161.0,B0100,N001VE,LOCK,A0200,30.070325602965223,-5.625475610325964,-10509.689002781693,0.6241209299629347,13460.450396774706,Enemy
161.0,B0200,N001VE,SEARCH,None,0.0,0.0,0.0,0.0,0.0,Enemy
161.20000000000002,A0100,AN/APG-68(V)9,TRACK,B0100,49.60534774091606,0.0,0.0,0.0,0.0,Friendly
161.20000000000002,A0200,AN/APG-68(V)9,LOCK,B0100,30.156743646366305,0.0,0.0,0.0,0.0,Friendly
161.20000000000002,B0100,N001VE,TRACK,A0200,30.070325602965223,-5.625475610325964,-10509.689002781693,0.5991560927644152,13460.450396774706,Enemy
161.20000000000002,B0200,N001VE,SEARCH,None,0.0,0.0,0.0,0.0,0.0,Enemy
161.4,A0100,AN/APG-68(V)9,TRACK,B0100,49.64578903065647,0.0,0.0,0.0,0.0,Friendly
161.4,A0200,AN/APG-68(V)9,LOCK,B0100,30.19960353986798,0.0,0.0,0.0,0.0,Friendly
161.4,B0100,N001VE,TRACK,A0200,30.070325602965223,-5.625475610325964,-10509.689002781693,0.5741912555658991,13460.450396774706,Enemy
161.4,B0200,N001VE,SEARCH,None,0.0,0.0,0.0,0.0,0.0,Enemy
161.60000000000002,A0100,AN/APG-68(V)9,TRACK,B0100,49.686031853709515,0.0,0.0,0.0,0.0,Friendly
161.60000000000002,A0200,AN/APG-68(V)9,LOCK,B0100,30.242219109560455,0.0,0.0,0.0,0.0,Friendly
161.60000000000002,B0100,N001VE,TRACK,A0200,30.070325602965223,-5.625475610325964,-10509.689002781693,0.5492264183673796,13460.450396774706,Enemy
161.60000000000002,B0200,N001VE,SEARCH,None,0.0,0.0,0.0,0.0,0.0,Enemy
161.8,A0100,AN/APG-68(V)9,TRACK,B0100,49.726275283410445,0.0,0.0,0.0,0.0,Friendly
161.8,A0200,AN/APG-68(V)9,LOCK,B0100,30.284878398152326,0.0,0.0,0.0,0.0,Friendly
161.8,B0100,N001VE,LOCK,A0200,30.284878398152326,-5.737050961908059,-10585.312799684163,0.6462965808240184,13441.320442828295,Enemy
161.8,B0200,N001VE,TRACK,A0100,50.135508473403675,-15.256081871933969,-10558.842522270483,0.38823838984575143,12740.698663549427,Enemy
162.0,A0100,AN/APG-68(V)9,TRACK,B0100,49.766690030001946,0.0,0.0,0.0,0.0,Friendly
162.0,A0200,AN/APG-68(V)9,LOCK,B0100,30.327714699228594,0.0,0.0,0.0,0.0,Friendly
162.0,B0100,N001VE,LOCK,A0200,30.284878398152326,-5.737050961908059,-10585.312799684163,0.6214390200230959,13441.320442828295,Enemy
162.0,B0200,N001VE,TRACK,A0100,50.135508473403675,-15.256081871933969,-10558.842522270483,0.3733061440824541,12740.698663549427,Enemy
162.20000000000002,A0100,AN/APG-68(V)9,TRACK,B0100,49.80717732990309,0.0,0.0,0.0,0.0,Friendly
162.20000000000002,A0200,AN/APG-68(V)9,LOCK,B0100,30.370572951226485,0.0,0.0,0.0,0.0,Friendly
162.20000000000002,B0100,N001VE,TRACK,A0200,30.284878398152326,-5.737050961908059,-10585.312799684163,0.59658145922217,13441.320442828295,Enemy
162.20000000000002,B0200,N001VE,TRACK,A0100,50.135508473403675,-15.256081871933969,-10558.842522270483,0.35837389831915467,12740.698663549427,Enemy
162.4,A0100,AN/APG-68(V)9,TRACK,B0100,49.847837984191464,0.0,0.0,0.0,0.0,Friendly
162.4,A0200,AN/APG-68(V)9,LOCK,B0100,30.413524037913106,0.0,0.0,0.0,0.0,Friendly
162.4,B0100,N001VE,TRACK,A0200,30.284878398152326,-5.737050961908059,-10585.312799684163,0.5717238984212475,13441.320442828295,Enemy
162.4,B0200,N001VE,TRACK,A0100,50.135508473403675,-15.256081871933969,-10558.842522270483,0.34344165255585735,12740.698663549427,Enemy
162.60000000000002,A0100,AN/APG-68(V)9,TRACK,B0100,49.888893818584556,0.0,0.0,0.0,0.0,Friendly
162.60000000000002,A0200,AN/APG-68(V)9,LOCK,B0100,30.456779220475422,0.0,0.0,0.0,0.0,Friendly
162.60000000000002,B0100,N001VE,TRACK,A0200,30.284878398152326,-5.737050961908059,-10585.312799684163,0.5468663376203216,13441.320442828295,Enemy
162.60000000000002,B0200,N001VE,TRACK,A0100,50.135508473403675,-15.256081871933969,-10558.842522270483,0.3285094067925579,12740.698663549427,Enemy
162.8,A0100,AN/APG-68(V)9,TRACK,B0100,49.93021690055931,0.0,0.0,0.0,0.0,Friendly
162.8,A0200,AN/APG-68(V)9,LOCK,B0100,30.500254132309177,0.0,0.0,0.0,0.0,Friendly
162.8,B0100,N001VE,SEARCH,None,0.0,0.0,0.0,0.0,0.0,Enemy
162.8,B0200,N001VE,TRACK,A0100,50.34076064920381,-15.328099459223782,-10523.201944606462,0.3855701115603497,12729.536521975819,Enemy
163.0,A0100,AN/APG-68(V)9,TRACK,B0100,49.9716228822092,0.0,0.0,0.0,0.0,Friendly
163.0,A0200,AN/APG-68(V)9,LOCK,B0100,30.54394861955592,0.0,0.0,0.0,0.0,Friendly
163.0,B0100,N001VE,SEARCH,None,0.0,0.0,0.0,0.0,0.0,Enemy
163.0,B0200,N001VE,TRACK,A0100,50.34076064920381,-15.328099459223782,-10523.201944606462,0.3707404918849524,12729.536521975819,Enemy
163.20000000000002,A0100,AN/APG-68(V)9,TRACK,B0100,50.01313997126913,0.0,0.0,0.0,0.0,Friendly
163.20000000000002,A0200,AN/APG-68(V)9,LOCK,B0100,30.587790315230247,0.0,0.0,0.0,0.0,Friendly
163.20000000000002,B0100,N001VE,SEARCH,None,0.0,0.0,0.0,0.0,0.0,Enemy
163.20000000000002,B0200,N001VE,TRACK,A0100,50.34076064920381,-15.328099459223782,-10523.201944606462,0.35591087220955303,12729.536521975819,Enemy
163.4,A0100,AN/APG-68(V)9,TRACK,B0100,50.05481039265833,0.0,0.0,0.0,0.0,Friendly
163.4,A0200,AN/APG-68(V)9,LOCK,B0100,30.631707484981398,0.0,0.0,0.0,0.0,Friendly
163.4,B0100,N001VE,SEARCH,None,0.0,0.0,0.0,0.0,0.0,Enemy
163.4,B0200,N001VE,TRACK,A0100,50.34076064920381,-15.328099459223782,-10523.201944606462,0.3410812525341558,12729.536521975819,Enemy
163.60000000000002,A0100,AN/APG-68(V)9,TRACK,B0100,50.096498658814184,0.0,0.0,0.0,0.0,Friendly
163.60000000000002,A0200,AN/APG-68(V)9,LOCK,B0100,30.675599046022825,0.0,0.0,0.0,0.0,Friendly
163.60000000000002,B0100,N001VE,SEARCH,None,0.0,0.0,0.0,0.0,0.0,Enemy
163.60000000000002,B0200,N001VE,TRACK,A0100,50.34076064920381,-15.328099459223782,-10523.201944606462,0.3262516328587564,12729.536521975819,Enemy
163.8,A0100,AN/APG-68(V)9,TRACK,B0100,50.13828615809629,0.0,0.0,0.0,0.0,Friendly
163.8,A0200,AN/APG-68(V)9,LOCK,B0100,30.719516391790773,0.0,0.0,0.0,0.0,Friendly
163.8,B0100,N001VE,SEARCH,None,0.0,0.0,0.0,0.0,0.0,Enemy
163.8,B0200,N001VE,SEARCH,None,0.0,0.0,0.0,0.0,0.0,Enemy
164.0,A0100,AN/APG-68(V)9,TRACK,B0100,50.18044203673173,0.0,0.0,0.0,0.0,Friendly
164.0,A0200,AN/APG-68(V)9,LOCK,B0100,30.76364465765303,0.0,0.0,0.0,0.0,Friendly
164.0,B0100,N001VE,SEARCH,None,0.0,0.0,0.0,0.0,0.0,Enemy
164.0,B0200,N001VE,SEARCH,None,0.0,0.0,0.0,0.0,0.0,Enemy
164.20000000000002,A0100,AN/APG-68(V)9,TRACK,B0100,50.2229260288417,0.0,0.0,0.0,0.0,Friendly
164.20000000000002,A0200,AN/APG-68(V)9,LOCK,B0100,30.808045481340617,0.0,0.0,0.0,0.0,Friendly
164.20000000000002,B0100,N001VE,SEARCH,None,0.0,0.0,0.0,0.0,0.0,Enemy
164.20000000000002,B0200,N001VE,SEARCH,None,0.0,0.0,0.0,0.0,0.0,Enemy
164.4,A0100,AN/APG-68(V)9,TRACK,B0100,50.265671866276996,0.0,0.0,0.0,0.0,Friendly
164.4,A0200,AN/APG-68(V)9,LOCK,B0100,30.852615430743796,0.0,0.0,0.0,0.0,Friendly
164.4,B0100,N001VE,SEARCH,None,0.0,0.0,0.0,0.0,0.0,Enemy
164.4,B0200,N001VE,SEARCH,None,0.0,0.0,0.0,0.0,0.0,Enemy
164.60000000000002,A0100,AN/APG-68(V)9,TRACK,B0100,50.308481777790604,0.0,0.0,0.0,0.0,Friendly
164.60000000000002,A0200,AN/APG-68(V)9,LOCK,B0100,30.89721152273821,0.0,0.0,0.0,0.0,Friendly
164.60000000000002,B0100,N001VE,SEARCH,None,0.0,0.0,0.0,0.0,0.0,Enemy
164.60000000000002,B0200,N001VE,SEARCH,None,0.0,0.0,0.0,0.0,0.0,Enemy
164.8,A0100,AN/APG-68(V)9,TRACK,B0100,50.35121985822454,0.0,0.0,0.0,0.0,Friendly
164.8,A0200,AN/APG-68(V)9,LOCK,B0100,30.941827883249445,0.0,0.0,0.0,0.0,Friendly
164.8,B0100,N001VE,SEARCH,None,0.0,0.0,0.0,0.0,0.0,Enemy
164.8,B0200,N001VE,TRACK,A0100,50.76438282129609,-15.476936591607167,-10479.251220268798,0.38006302332315,12707.134692849588,Enemy
165.0,A0100,AN/APG-68(V)9,TRACK,B0100,50.39411621662317,0.0,0.0,0.0,0.0,Friendly
165.0,A0200,AN/APG-68(V)9,LOCK,B0100,30.986587586866666,0.0,0.0,0.0,0.0,Friendly
165.0,B0100,N001VE,SEARCH,None,0.0,0.0,0.0,0.0,0.0,Enemy
165.0,B0200,N001VE,TRACK,A0100,50.76438282129609,-15.476936591607167,-10479.251220268798,0.3654452147337989,12707.134692849588,Enemy
165.20000000000002,A0100,AN/APG-68(V)9,TRACK,B0100,50.43718691064427,0.0,0.0,0.0,0.0,Friendly
165.20000000000002,A0200,AN/APG-68(V)9,LOCK,B0100,31.031489142387887,0.0,0.0,0.0,0.0,Friendly
165.20000000000002,B0100,N001VE,SEARCH,None,0.0,0.0,0.0,0.0,0.0,Enemy
165.20000000000002,B0200,N001VE,TRACK,A0100,50.76438282129609,-15.476936591607167,-10479.251220268798,0.3508274061444457,12707.134692849588,Enemy
165.4,A0100,AN/APG-68(V)9,TRACK,B0100,50.480232173240836,0.0,0.0,0.0,0.0,Friendly
165.4,A0200,AN/APG-68(V)9,LOCK,B0100,31.076406023201937,0.0,0.0,0.0,0.0,Friendly
165.4,B0100,N001VE,SEARCH,None,0.0,0.0,0.0,0.0,0.0,Enemy
165.4,B0200,N001VE,TRACK,A0100,50.76438282129609,-15.476936591607167,-10479.251220268798,0.33620959755509455,12707.134692849588,Enemy
165.60000000000002,A0100,AN/APG-68(V)9,TRACK,B0100,50.523141861687606,0.0,0.0,0.0,0.0,Friendly
165.60000000000002,A0200,AN/APG-68(V)9,LOCK,B0100,31.121260235153628,0.0,0.0,0.0,0.0,Friendly
165.60000000000002,B0100,N001VE,SEARCH,None,0.0,0.0,0.0,0.0,0.0,Enemy
165.60000000000002,B0200,N001VE,TRACK,A0100,50.76438282129609,-15.476936591607167,-10479.251220268798,0.32159178896574137,12707.134692849588,Enemy
165.8,A0100,AN/APG-68(V)9,TRACK,B0100,50.56611710926951,0.0,0.0,0.0,0.0,Friendly
165.8,A0200,AN/APG-68(V)9,LOCK,B0100,31.166190331006455,0.0,0.0,0.0,0.0,Friendly
165.8,B0100,N001VE,SEARCH,None,0.0,0.0,0.0,0.0,0.0,Enemy
165.8,B0200,N001VE,LOCK,A0200,31.502871073729217,-6.330873543132682,-10956.891556591661,0.6304626760415188,13319.309795276957,Enemy
166.0,A0100,AN/APG-68(V)9,TRACK,B0100,50.60922276381589,0.0,0.0,0.0,0.0,Friendly
166.0,A0200,AN/APG-68(V)9,LOCK,B0100,31.21113829867572,0.0,0.0,0.0,0.0,Friendly
166.0,B0100,N001VE,SEARCH,None,0.0,0.0,0.0,0.0,0.0,Enemy
166.0,B0200,N001VE,LOCK,A0200,31.502871073729217,-6.330873543132682,-10956.891556591661,0.6062141115783848,13319.309795276957,Enemy
166.20000000000002,A0100,AN/APG-68(V)9,TRACK,B0100,50.6523144487149,0.0,0.0,0.0,0.0,Friendly
166.20000000000002,A0200,AN/APG-68(V)9,LOCK,B0100,31.256013646100048,0.0,0.0,0.0,0.0,Friendly
166.20000000000002,B0100,N001VE,SEARCH,None,0.0,0.0,0.0,0.0,0.0,Enemy
166.20000000000002,B0200,N001VE,TRACK,A0200,31.502871073729217,-6.330873543132682,-10956.891556591661,0.5819655471152474,13319.309795276957,Enemy
166.4,A0100,AN/APG-68(V)9,TRACK,B0100,50.69520364161868,0.0,0.0,0.0,0.0,Friendly
166.4,A0200,AN/APG-68(V)9,LOCK,B0100,31.30067018794324,0.0,0.0,0.0,0.0,Friendly
166.4,B0100,N001VE,SEARCH,None,0.0,0.0,0.0,0.0,0.0,Enemy
166.4,B0200,N001VE,TRACK,A0200,31.502871073729217,-6.330873543132682,-10956.891556591661,0.5577169826521133,13319.309795276957,Enemy
166.60000000000002,A0100,AN/APG-68(V)9,TRACK,B0100,50.73801287148949,0.0,0.0,0.0,0.0,Friendly
166.60000000000002,A0200,AN/APG-68(V)9,LOCK,B0100,31.345325480407,0.0,0.0,0.0,0.0,Friendly
166.60000000000002,B0100,N001VE,SEARCH,None,0.0,0.0,0.0,0.0,0.0,Enemy
166.60000000000002,B0200,N001VE,TRACK,A0200,31.502871073729217,-6.330873543132682,-10956.891556591661,0.5334684181889758,13319.309795276957,Enemy
166.8,A0100,AN/APG-68(V)9,TRACK,B0100,50.780999376417,0.0,0.0,0.0,0.0,Friendly
166.8,A0200,AN/APG-68(V)9,LOCK,B0100,31.39021606303964,0.0,0.0,0.0,0.0,Friendly
166.8,B0100,N001VE,SEARCH,None,0.0,0.0,0.0,0.0,0.0,Enemy
166.8,B0200,N001VE,SEARCH,None,0.0,0.0,0.0,0.0,0.0,Enemy
167.0,A0100,AN/APG-68(V)9,TRACK,B0100,50.82413925551242,0.0,0.0,0.0,0.0,Friendly
167.0,A0200,AN/APG-68(V)9,LOCK,B0100,31.435256799500166,0.0,0.0,0.0,0.0,Friendly
167.0,B0100,N001VE,SEARCH,None,0.0,0.0,0.0,0.0,0.0,Enemy
167.0,B0200,N001VE,SEARCH,None,0.0,0.0,0.0,0.0,0.0,Enemy
167.20000000000002,A0100,AN/APG-68(V)9,TRACK,B0100,50.867202506534426,0.0,0.0,0.0,0.0,Friendly
167.20000000000002,A0200,AN/APG-68(V)9,LOCK,B0100,31.48034675173716,0.0,0.0,0.0,0.0,Friendly
167.20000000000002,B0100,N001VE,SEARCH,None,0.0,0.0,0.0,0.0,0.0,Enemy
167.20000000000002,B0200,N001VE,SEARCH,None,0.0,0.0,0.0,0.0,0.0,Enemy
167.4,A0100,AN/APG-68(V)9,TRACK,B0100,50.910141573446296,0.0,0.0,0.0,0.0,Friendly
167.4,A0200,AN/APG-68(V)9,LOCK,B0100,31.525420801412597,0.0,0.0,0.0,0.0,Friendly
167.4,B0100,N001VE,SEARCH,None,0.0,0.0,0.0,0.0,0.0,Enemy
167.4,B0200,N001VE,SEARCH,None,0.0,0.0,0.0,0.0,0.0,Enemy
167.60000000000002,A0100,AN/APG-68(V)9,TRACK,B0100,50.953232161020075,0.0,0.0,0.0,0.0,Friendly
167.60000000000002,A0200,AN/APG-68(V)9,LOCK,B0100,31.570697757974916,0.0,0.0,0.0,0.0,Friendly
167.60000000000002,B0100,N001VE,SEARCH,None,0.0,0.0,0.0,0.0,0.0,Enemy
167.60000000000002,B0200,N001VE,SEARCH,None,0.0,0.0,0.0,0.0,0.0,Enemy
167.8,A0100,AN/APG-68(V)9,TRACK,B0100,50.996715232855514,0.0,0.0,0.0,0.0,Friendly
167.8,A0200,AN/APG-68(V)9,LOCK,B0100,31.61637600152658,0.0,0.0,0.0,0.0,Friendly
167.8,B0100,N001VE,LOCK,A0100,50.996715232855514,-15.562038735864583,-10449.17631085934,0.3770427019728775,12697.133819888544,Enemy
167.8,B0100,N001VE,LOCK,A0200,31.61637600152658,-6.419903503872695,-10822.48804907747,0.6289871119801531,13328.01954911974,Enemy
167.8,B0200,N001VE,SEARCH,None,0.0,0.0,0.0,0.0,0.0,Enemy
168.0,A0100,AN/APG-68(V)9,TRACK,B0100,51.04045330439387,0.0,0.0,0.0,0.0,Friendly
168.0,A0200,AN/APG-68(V)9,LOCK,B0100,31.662260838421652,0.0,0.0,0.0,0.0,Friendly
168.0,B0100,N001VE,LOCK,A0100,50.996715232855514,-15.562038735864583,-10449.17631085934,0.36254105958930605,12697.133819888544,Enemy
168.0,B0100,N001VE,LOCK,A0200,31.61637600152658,-6.419903503872695,-10822.48804907747,0.6047952999809177,13328.01954911974,Enemy
168.0,B0200,N001VE,SEARCH,None,0.0,0.0,0.0,0.0,0.0,Enemy
168.20000000000002,A0100,AN/APG-68(V)9,TRACK,B0100,51.0842095018656,0.0,0.0,0.0,0.0,Friendly
168.20000000000002,A0200,AN/APG-68(V)9,LOCK,B0100,31.70822565398293,0.0,0.0,0.0,0.0,Friendly
168.20000000000002,B0100,N001VE,TRACK,A0100,50.996715232855514,-15.562038735864583,-10449.17631085934,0.34803941720573256,12697.133819888544,Enemy
168.20000000000002,B0100,N001VE,TRACK,A0200,31.61637600152658,-6.419903503872695,-10822.48804907747,0.580603487981679,13328.01954911974,Enemy
168.20000000000002,B0200,N001VE,SEARCH,None,0.0,0.0,0.0,0.0,0.0,Enemy
168.4,A0100,AN/APG-68(V)9,TRACK,B0100,51.1278518485661,0.0,0.0,0.0,0.0,Friendly
168.4,A0200,AN/APG-68(V)9,LOCK,B0100,31.75412837279438,0.0,0.0,0.0,0.0,Friendly
168.4,B0100,N001VE,TRACK,A0100,50.996715232855514,-15.562038735864583,-10449.17631085934,0.3335377748221611,12697.133819888544,Enemy
168.4,B0100,N001VE,TRACK,A0200,31.61637600152658,-6.419903503872695,-10822.48804907747,0.5564116759824436,13328.01954911974,Enemy
168.4,B0200,N001VE,SEARCH,None,0.0,0.0,0.0,0.0,0.0,Enemy
168.60000000000002,A0100,AN/APG-68(V)9,TRACK,B0100,51.17117280777766,0.0,0.0,0.0,0.0,Friendly
168.60000000000002,A0200,AN/APG-68(V)9,LOCK,B0100,31.799762401303365,0.0,0.0,0.0,0.0,Friendly
168.60000000000002,B0100,N001VE,TRACK,A0100,50.996715232855514,-15.562038735864583,-10449.17631085934,0.3190361324385877,12697.133819888544,Enemy
168.60000000000002,B0100,N001VE,TRACK,A0200,31.61637600152658,-6.419903503872695,-10822.48804907747,0.5322198639832049,13328.01954911974,Enemy
168.60000000000002,B0200,N001VE,SEARCH,None,0.0,0.0,0.0,0.0,0.0,Enemy
168.8,A0100,AN/APG-68(V)9,TRACK,B0100,51.214225285624686,0.0,0.0,0.0,0.0,Friendly
168.8,A0200,AN/APG-68(V)9,LOCK,B0100,31.845122199512538,0.0,0.0,0.0,0.0,Friendly
168.8,B0100,N001VE,SEARCH,None,0.0,0.0,0.0,0.0,0.0,Enemy
168.8,B0200,N001VE,TRACK,A0100,51.632467993647815,-15.781790029307956,-10516.091324923887,0.36877791608257765,12663.2999617681,Enemy
169.0,A0100,AN/APG-68(V)9,TRACK,B0100,51.25733836170264,0.0,0.0,0.0,0.0,Friendly
169.0,A0200,AN/APG-68(V)9,LOCK,B0100,31.890467218909716,0.0,0.0,0.0,0.0,Friendly
169.0,B0100,N001VE,SEARCH,None,0.0,0.0,0.0,0.0,0.0,Enemy
169.0,B0200,N001VE,TRACK,A0100,51.632467993647815,-15.781790029307956,-10516.091324923887,0.3545941500794023,12663.2999617681,Enemy
169.20000000000002,A0100,AN/APG-68(V)9,TRACK,B0100,51.300792607480474,0.0,0.0,0.0,0.0,Friendly
169.20000000000002,A0200,AN/APG-68(V)9,LOCK,B0100,31.93613904239166,0.0,0.0,0.0,0.0,Friendly
169.20000000000002,B0100,N001VE,SEARCH,None,0.0,0.0,0.0,0.0,0.0,Enemy
169.20000000000002,B0200,N001VE,TRACK,A0100,51.632467993647815,-15.781790029307956,-10516.091324923887,0.34041038407622504,12663.2999617681,Enemy
169.4,A0100,AN/APG-68(V)9,TRACK,B0100,51.34449694673432,0.0,0.0,0.0,0.0,Friendly
169.4,A0200,AN/APG-68(V)9,LOCK,B0100,31.98201257266338,0.0,0.0,0.0,0.0,Friendly
169.4,B0100,N001VE,SEARCH,None,0.0,0.0,0.0,0.0,0.0,Enemy
169.4,B0200,N001VE,TRACK,A0100,51.632467993647815,-15.781790029307956,-10516.091324923887,0.3262266180730497,12663.2999617681,Enemy
169.60000000000002,A0100,AN/APG-68(V)9,TRACK,B0100,51.38829484429735,0.0,0.0,0.0,0.0,Friendly
169.60000000000002,A0200,AN/APG-68(V)9,LOCK,B0100,32.02791826538563,0.0,0.0,0.0,0.0,Friendly
169.60000000000002,B0100,N001VE,SEARCH,None,0.0,0.0,0.0,0.0,0.0,Enemy
169.60000000000002,B0200,N001VE,TRACK,A0100,51.632467993647815,-15.781790029307956,-10516.091324923887,0.3120428520698724,12663.2999617681,Enemy
169.8,A0100,AN/APG-68(V)9,TRACK,B0100,51.432113151135425,0.0,0.0,0.0,0.0,Friendly
169.8,A0200,AN/APG-68(V)9,LOCK,B0100,32.07385898933266,0.0,0.0,0.0,0.0,Friendly
169.8,B0100,N001VE,SEARCH,None,0.0,0.0,0.0,0.0,0.0,Enemy
169.8,B0200,N001VE,LOCK,A0200,32.42026126244616,-6.797597063499209,-11080.733973654387,0.6185366035881986,13248.451830658942,Enemy
170.0,A0100,AN/APG-68(V)9,TRACK,B0100,51.47605800400465,0.0,0.0,0.0,0.0,Friendly
170.0,A0200,AN/APG-68(V)9,LOCK,B0100,32.11993693246754,0.0,0.0,0.0,0.0,Friendly
170.0,B0100,N001VE,SEARCH,None,0.0,0.0,0.0,0.0,0.0,Enemy
170.0,B0200,N001VE,TRACK,A0200,32.42026126244616,-6.797597063499209,-11080.733973654387,0.594746734219423,13248.451830658942,Enemy
170.20000000000002,A0100,AN/APG-68(V)9,TRACK,B0100,51.520134794086516,0.0,0.0,0.0,0.0,Friendly
170.20000000000002,A0200,AN/APG-68(V)9,LOCK,B0100,32.16599882877592,0.0,0.0,0.0,0.0,Friendly
170.20000000000002,B0100,N001VE,SEARCH,None,0.0,0.0,0.0,0.0,0.0,Enemy
170.20000000000002,B0200,N001VE,TRACK,A0200,32.42026126244616,-6.797597063499209,-11080.733973654387,0.5709568648506441,13248.451830658942,Enemy
170.4,A0100,AN/APG-68(V)9,TRACK,B0100,51.564271651199654,0.0,0.0,0.0,0.0,Friendly
170.4,A0200,AN/APG-68(V)9,LOCK,B0100,32.21204402908912,0.0,0.0,0.0,0.0,Friendly
170.4,B0100,N001VE,SEARCH,None,0.0,0.0,0.0,0.0,0.0,Enemy
170.4,B0200,N001VE,TRACK,A0200,32.42026126244616,-6.797597063499209,-11080.733973654387,0.5471669954818685,13248.451830658942,Enemy
170.60000000000002,A0100,AN/APG-68(V)9,TRACK,B0100,51.60843194015866,0.0,0.0,0.0,0.0,Friendly
170.60000000000002,A0200,AN/APG-68(V)9,LOCK,B0100,32.257986272690395,0.0,0.0,0.0,0.0,Friendly
170.60000000000002,B0100,N001VE,SEARCH,None,0.0,0.0,0.0,0.0,0.0,Enemy
170.60000000000002,B0200,N001VE,TRACK,A0200,32.42026126244616,-6.797597063499209,-11080.733973654387,0.5233771261130896,13248.451830658942,Enemy
170.8,A0100,AN/APG-68(V)9,TRACK,B0100,51.65237964205431,0.0,0.0,0.0,0.0,Friendly
170.8,A0200,AN/APG-68(V)9,LOCK,B0100,32.303577949832324,0.0,0.0,0.0,0.0,Friendly
170.8,B0100,N001VE,SEARCH,None,0.0,0.0,0.0,0.0,0.0,Enemy
170.8,B0200,N001VE,SEARCH,None,0.0,0.0,0.0,0.0,0.0,Enemy
171.0,A0100,AN/APG-68(V)9,TRACK,B0100,51.69602028996158,0.0,0.0,0.0,0.0,Friendly
171.0,A0200,AN/APG-68(V)9,LOCK,B0100,32.34882497972386,0.0,0.0,0.0,0.0,Friendly
171.0,B0100,N001VE,SEARCH,None,0.0,0.0,0.0,0.0,0.0,Enemy
171.0,B0200,N001VE,SEARCH,None,0.0,0.0,0.0,0.0,0.0,Enemy
171.20000000000002,A0100,AN/APG-68(V)9,TRACK,B0100,51.739382377991255,0.0,0.0,0.0,0.0,Friendly
171.20000000000002,A0200,AN/APG-68(V)9,LOCK,B0100,32.39384350992367,0.0,0.0,0.0,0.0,Friendly
171.20000000000002,B0100,N001VE,SEARCH,None,0.0,0.0,0.0,0.0,0.0,Enemy
171.20000000000002,B0200,N001VE,SEARCH,None,0.0,0.0,0.0,0.0,0.0,Enemy
171.4,A0100,AN/APG-68(V)9,TRACK,B0100,51.78262481740853,0.0,0.0,0.0,0.0,Friendly
171.4,A0200,AN/APG-68(V)9,LOCK,B0100,32.438677195335664,0.0,0.0,0.0,0.0,Friendly
171.4,B0100,N001VE,SEARCH,None,0.0,0.0,0.0,0.0,0.0,Enemy
171.4,B0200,N001VE,SEARCH,None,0.0,0.0,0.0,0.0,0.0,Enemy
171.60000000000002,A0100,AN/APG-68(V)9,TRACK,B0100,51.825796076774566,0.0,0.0,0.0,0.0,Friendly
171.60000000000002,A0200,AN/APG-68(V)9,LOCK,B0100,32.48331238539863,0.0,0.0,0.0,0.0,Friendly
171.60000000000002,B0100,N001VE,SEARCH,None,0.0,0.0,0.0,0.0,0.0,Enemy
171.60000000000002,B0200,N001VE,SEARCH,None,0.0,0.0,0.0,0.0,0.0,Enemy
171.8,A0100,AN/APG-68(V)9,TRACK,B0100,51.86854326087811,0.0,0.0,0.0,0.0,Friendly
171.8,A0200,AN/APG-68(V)9,LOCK,B0100,32.52739481713143,0.0,0.0,0.0,0.0,Friendly
171.8,B0100,N001VE,SEARCH,None,0.0,0.0,0.0,0.0,0.0,Enemy
171.8,B0200,N001VE,LOCK,A0200,32.878372615154206,-7.028336321453718,-11091.341727421563,0.612581156002994,13214.748168963168,Enemy
172.0,A0100,AN/APG-68(V)9,TRACK,B0100,51.91081084836342,0.0,0.0,0.0,0.0,Friendly
172.0,A0200,AN/APG-68(V)9,LOCK,B0100,32.57091368579905,0.0,0.0,0.0,0.0,Friendly
172.0,B0100,N001VE,SEARCH,None,0.0,0.0,0.0,0.0,0.0,Enemy
172.0,B0200,N001VE,TRACK,A0200,32.878372615154206,-7.028336321453718,-11091.341727421563,0.5890203423105724,13214.748168963168,Enemy
172.20000000000002,A0100,AN/APG-68(V)9,TRACK,B0100,51.95281953852096,0.0,0.0,0.0,0.0,Friendly
172.20000000000002,A0200,AN/APG-68(V)9,LOCK,B0100,32.614098199456045,0.0,0.0,0.0,0.0,Friendly
172.20000000000002,B0100,N001VE,SEARCH,None,0.0,0.0,0.0,0.0,0.0,Enemy
172.20000000000002,B0200,N001VE,TRACK,A0200,32.878372615154206,-7.028336321453718,-11091.341727421563,0.5654595286181475,13214.748168963168,Enemy
172.4,A0100,AN/APG-68(V)9,TRACK,B0100,51.99473673815667,0.0,0.0,0.0,0.0,Friendly
172.4,A0200,AN/APG-68(V)9,LOCK,B0100,32.65709087056442,0.0,0.0,0.0,0.0,Friendly
172.4,B0100,N001VE,SEARCH,None,0.0,0.0,0.0,0.0,0.0,Enemy
172.4,B0200,N001VE,TRACK,A0200,32.878372615154206,-7.028336321453718,-11091.341727421563,0.5418987149257259,13214.748168963168,Enemy
172.60000000000002,A0100,AN/APG-68(V)9,TRACK,B0100,52.03670877212863,0.0,0.0,0.0,0.0,Friendly
172.60000000000002,A0200,AN/APG-68(V)9,LOCK,B0100,32.70004841730969,0.0,0.0,0.0,0.0,Friendly
172.60000000000002,B0100,N001VE,SEARCH,None,0.0,0.0,0.0,0.0,0.0,Enemy
172.60000000000002,B0200,N001VE,TRACK,A0200,32.878372615154206,-7.028336321453718,-11091.341727421563,0.518337901233301,13214.748168963168,Enemy
172.8,A0100,AN/APG-68(V)9,TRACK,B0100,52.078754454342814,0.0,0.0,0.0,0.0,Friendly
172.8,A0200,AN/APG-68(V)9,LOCK,B0100,32.74317942914313,0.0,0.0,0.0,0.0,Friendly
172.8,B0100,N001VE,SEARCH,None,0.0,0.0,0.0,0.0,0.0,Enemy
172.8,B0200,N001VE,LOCK,A0200,33.09637513103704,-7.13622515387536,-11121.730238732745,0.6097471232965173,13198.29504794738,Enemy
172.8,B0200,N001VE,LOCK,A0100,52.50173601273723,-16.086429008934633,-10562.25359141608,0.3574774318344152,12621.864226877668,Enemy
173.0,A0100,AN/APG-68(V)9,TRACK,B0100,52.12123603765815,0.0,0.0,0.0,0.0,Friendly
173.0,A0200,AN/APG-68(V)9,LOCK,B0100,32.786800189049295,0.0,0.0,0.0,0.0,Friendly
173.0,B0100,N001VE,SEARCH,None,0.0,0.0,0.0,0.0,0.0,Enemy
173.0,B0200,N001VE,TRACK,A0200,33.09637513103704,-7.13622515387536,-11121.730238732745,0.586295310862037,13198.29504794738,Enemy
173.0,B0200,N001VE,TRACK,A0100,52.50173601273723,-16.086429008934633,-10562.25359141608,0.34372829984078457,12621.864226877668,Enemy
173.20000000000002,A0100,AN/APG-68(V)9,TRACK,B0100,52.1642035167828,0.0,0.0,0.0,0.0,Friendly
173.20000000000002,A0200,AN/APG-68(V)9,LOCK,B0100,32.83088035178125,0.0,0.0,0.0,0.0,Friendly
173.20000000000002,B0100,N001VE,SEARCH,None,0.0,0.0,0.0,0.0,0.0,Enemy
173.20000000000002,B0200,N001VE,TRACK,A0200,33.09637513103704,-7.13622515387536,-11121.730238732745,0.5628434984275535,13198.29504794738,Enemy
173.20000000000002,B0200,N001VE,TRACK,A0100,52.50173601273723,-16.086429008934633,-10562.25359141608,0.32997916784715203,12621.864226877668,Enemy
173.4,A0100,AN/APG-68(V)9,TRACK,B0100,52.207281315926394,0.0,0.0,0.0,0.0,Friendly
173.4,A0200,AN/APG-68(V)9,LOCK,B0100,32.87509073257273,0.0,0.0,0.0,0.0,Friendly
173.4,B0100,N001VE,SEARCH,None,0.0,0.0,0.0,0.0,0.0,Enemy
173.4,B0200,N001VE,TRACK,A0100,52.50173601273723,-16.086429008934633,-10562.25359141608,0.3162300358535214,12621.864226877668,Enemy
173.60000000000002,A0100,AN/APG-68(V)9,TRACK,B0100,52.2503512183599,0.0,0.0,0.0,0.0,Friendly
173.60000000000002,A0200,AN/APG-68(V)9,LOCK,B0100,32.919205075612105,0.0,0.0,0.0,0.0,Friendly
173.60000000000002,B0100,N001VE,SEARCH,None,0.0,0.0,0.0,0.0,0.0,Enemy
173.60000000000002,B0200,N001VE,TRACK,A0100,52.50173601273723,-16.086429008934633,-10562.25359141608,0.30248090385988885,12621.864226877668,Enemy
173.8,A0100,AN/APG-68(V)9,TRACK,B0100,52.293242451098386,0.0,0.0,0.0,0.0,Friendly
173.8,A0200,AN/APG-68(V)9,LOCK,B0100,32.96295125809558,0.0,0.0,0.0,0.0,Friendly
173.8,B0100,N001VE,SEARCH,None,0.0,0.0,0.0,0.0,0.0,Enemy
173.8,B0200,N001VE,SEARCH,None,0.0,0.0,0.0,0.0,0.0,Enemy
174.0,A0100,AN/APG-68(V)9,TRACK,B0100,52.33596927153,0.0,0.0,0.0,0.0,Friendly
174.0,A0200,AN/APG-68(V)9,LOCK,B0100,33.00645022285969,0.0,0.0,0.0,0.0,Friendly
174.0,B0100,N001VE,SEARCH,None,0.0,0.0,0.0,0.0,0.0,Enemy
174.0,B0200,N001VE,SEARCH,None,0.0,0.0,0.0,0.0,0.0,Enemy
174.20000000000002,A0100,AN/APG-68(V)9,TRACK,B0100,52.37851646338258,0.0,0.0,0.0,0.0,Friendly
174.20000000000002,A0200,AN/APG-68(V)9,LOCK,B0100,33.04976599085324,0.0,0.0,0.0,0.0,Friendly
174.20000000000002,B0100,N001VE,SEARCH,None,0.0,0.0,0.0,0.0,0.0,Enemy
174.20000000000002,B0200,N001VE,SEARCH,None,0.0,0.0,0.0,0.0,0.0,Enemy
174.4,A0100,AN/APG-68(V)9,TRACK,B0100,52.42105653849985,0.0,0.0,0.0,0.0,Friendly
174.4,A0200,AN/APG-68(V)9,LOCK,B0100,33.09305923176919,0.0,0.0,0.0,0.0,Friendly
174.4,B0100,N001VE,SEARCH,None,0.0,0.0,0.0,0.0,0.0,Enemy
174.4,B0200,N001VE,SEARCH,None,0.0,0.0,0.0,0.0,0.0,Enemy
174.60000000000002,A0100,AN/APG-68(V)9,TRACK,B0100,52.46379244336999,0.0,0.0,0.0,0.0,Friendly
174.60000000000002,A0200,AN/APG-68(V)9,LOCK,B0100,33.136480797553986,0.0,0.0,0.0,0.0,Friendly
174.60000000000002,B0100,N001VE,SEARCH,None,0.0,0.0,0.0,0.0,0.0,Enemy
174.60000000000002,B0200,N001VE,SEARCH,None,0.0,0.0,0.0,0.0,0.0,Enemy
174.8,A0100,AN/APG-68(V)9,TRACK,B0100,52.50680194450104,0.0,0.0,0.0,0.0,Friendly
174.8,A0200,AN/APG-68(V)9,LOCK,B0100,33.1801975008803,0.0,0.0,0.0,0.0,Friendly
174.8,B0100,N001VE,LOCK,A0200,33.1801975008803,-7.203982608761542,-11039.533353068991,0.6086574324885548,13207.137943284479,Enemy
174.8,B0200,N001VE,LOCK,A0200,33.53773826582703,-7.3537335401845105,-11207.446453418299,0.6040094025442473,13165.773073173797,Enemy
175.0,A0100,AN/APG-68(V)9,TRACK,B0100,52.55022387477547,0.0,0.0,0.0,0.0,Friendly
175.0,A0200,AN/APG-68(V)9,LOCK,B0100,33.224272008109764,0.0,0.0,0.0,0.0,Friendly
175.0,B0100,N001VE,TRACK,A0200,33.1801975008803,-7.203982608761542,-11039.533353068991,0.5852475312389962,13207.137943284479,Enemy
175.0,B0200,N001VE,TRACK,A0200,33.53773826582703,-7.3537335401845105,-11207.446453418299,0.5807782716771621,13165.773073173797,Enemy
175.20000000000002,A0100,AN/APG-68(V)9,TRACK,B0100,52.593783499466014,0.0,0.0,0.0,0.0,Friendly
175.20000000000002,A0200,AN/APG-68(V)9,LOCK,B0100,33.268277454006956,0.0,0.0,0.0,0.0,Friendly
175.20000000000002,B0100,N001VE,TRACK,A0200,33.1801975008803,-7.203982608761542,-11039.533353068991,0.5618376299894344,13207.137943284479,Enemy
175.20000000000002,B0200,N001VE,TRACK,A0200,33.53773826582703,-7.3537335401845105,-11207.446453418299,0.5575471408100737,13165.773073173797,Enemy
175.4,A0100,AN/APG-68(V)9,TRACK,B0100,52.636980052812824,0.0,0.0,0.0,0.0,Friendly
175.4,A0200,AN/APG-68(V)9,LOCK,B0100,33.31177831877805,0.0,0.0,0.0,0.0,Friendly
175.4,B0100,N001VE,TRACK,A0200,33.1801975008803,-7.203982608761542,-11039.533353068991,0.5384277287398758,13207.137943284479,Enemy
175.4,B0200,N001VE,TRACK,A0200,33.53773826582703,-7.3537335401845105,-11207.446453418299,0.5343160099429884,13165.773073173797,Enemy
175.60000000000002,A0100,AN/APG-68(V)9,TRACK,B0100,52.67962555582277,0.0,0.0,0.0,0.0,Friendly
175.60000000000002,A0200,AN/APG-68(V)9,LOCK,B0100,33.35459567433945,0.0,0.0,0.0,0.0,Friendly
175.60000000000002,B0100,N001VE,TRACK,A0200,33.1801975008803,-7.203982608761542,-11039.533353068991,0.515017827490314,13207.137943284479,Enemy
175.60000000000002,B0200,N001VE,TRACK,A0200,33.53773826582703,-7.3537335401845105,-11207.446453418299,0.5110848790759001,13165.773073173797,Enemy
175.8,A0100,AN/APG-68(V)9,TRACK,B0100,52.72181381622162,0.0,0.0,0.0,0.0,Friendly
175.8,A0200,AN/APG-68(V)9,LOCK,B0100,33.39696247715046,0.0,0.0,0.0,0.0,Friendly
175.8,B0100,N001VE,LOCK,A0200,33.39696247715046,-7.310065391766024,-11045.929058197165,0.6058394877970427,13190.686154322284,Enemy
175.8,B0200,N001VE,LOCK,A0200,33.75662381885828,-7.460690074954265,-11210.455405971414,0.6011638903548411,13149.763866450949,Enemy
176.0,A0100,AN/APG-68(V)9,TRACK,B0100,52.76397673971521,0.0,0.0,0.0,0.0,Friendly
176.0,A0200,AN/APG-68(V)9,LOCK,B0100,33.43936373837965,0.0,0.0,0.0,0.0,Friendly
176.0,B0100,N001VE,TRACK,A0200,33.39696247715046,-7.310065391766024,-11045.929058197165,0.5825379690356192,13190.686154322284,Enemy
176.0,B0200,N001VE,TRACK,A0200,33.75662381885828,-7.460690074954265,-11210.455405971414,0.5780422022642715,13149.763866450949,Enemy
176.20000000000002,A0100,AN/APG-68(V)9,TRACK,B0100,52.806416483050064,0.0,0.0,0.0,0.0,Friendly
176.20000000000002,A0200,AN/APG-68(V)9,LOCK,B0100,33.48199748742002,0.0,0.0,0.0,0.0,Friendly
176.20000000000002,B0100,N001VE,TRACK,A0200,33.39696247715046,-7.310065391766024,-11045.929058197165,0.5592364502741924,13190.686154322284,Enemy
176.20000000000002,B0200,N001VE,TRACK,A0200,33.75662381885828,-7.460690074954265,-11210.455405971414,0.5549205141736987,13149.763866450949,Enemy
176.4,A0100,AN/APG-68(V)9,TRACK,B0100,52.849300207982814,0.0,0.0,0.0,0.0,Friendly
176.4,A0200,AN/APG-68(V)9,LOCK,B0100,33.52501851773064,0.0,0.0,0.0,0.0,Friendly
176.4,B0100,N001VE,TRACK,A0200,33.39696247715046,-7.310065391766024,-11045.929058197165,0.5359349315127689,13190.686154322284,Enemy
176.4,B0200,N001VE,TRACK,A0200,33.75662381885828,-7.460690074954265,-11210.455405971414,0.5317988260831291,13149.763866450949,Enemy
176.60000000000002,A0100,AN/APG-68(V)9,TRACK,B0100,52.89295560266675,0.0,0.0,0.0,0.0,Friendly
176.60000000000002,A0200,AN/APG-68(V)9,LOCK,B0100,33.568811599473904,0.0,0.0,0.0,0.0,Friendly
176.60000000000002,B0100,N001VE,TRACK,A0200,33.39696247715046,-7.310065391766024,-11045.929058197165,0.5126334127513422,13190.686154322284,Enemy
176.60000000000002,B0200,N001VE,TRACK,A0200,33.75662381885828,-7.460690074954265,-11210.455405971414,0.5086771379925563,13149.763866450949,Enemy
176.8,A0100,AN/APG-68(V)9,TRACK,B0100,52.9372712458285,0.0,0.0,0.0,0.0,Friendly
176.8,A0200,AN/APG-68(V)9,LOCK,B0100,33.61316015348253,0.0,0.0,0.0,0.0,Friendly
176.8,B0100,N001VE,LOCK,A0200,33.61316015348253,-7.415602642147094,-11054.862034810492,0.6030289180047259,13174.541600570372,Enemy
176.8,B0200,N001VE,TRACK,A0100,53.36493165741559,-16.383329868490137,-10619.561833505051,0.3462558884535966,12580.204207646191,Enemy
177.0,A0100,AN/APG-68(V)9,TRACK,B0100,52.981674600894834,0.0,0.0,0.0,0.0,Friendly
177.0,A0200,AN/APG-68(V)9,LOCK,B0100,33.65753512829233,0.0,0.0,0.0,0.0,Friendly
177.0,B0100,N001VE,TRACK,A0200,33.61316015348253,-7.415602642147094,-11054.862034810492,0.5798354980814684,13174.541600570372,Enemy
177.0,B0200,N001VE,TRACK,A0100,53.36493165741559,-16.383329868490137,-10619.561833505051,0.3329383542823051,12580.204207646191,Enemy
177.20000000000002,A0100,AN/APG-68(V)9,TRACK,B0100,53.02589925256591,0.0,0.0,0.0,0.0,Friendly
177.20000000000002,A0200,AN/APG-68(V)9,LOCK,B0100,33.70181541314505,0.0,0.0,0.0,0.0,Friendly
177.20000000000002,B0100,N001VE,TRACK,A0200,33.61316015348253,-7.415602642147094,-11054.862034810492,0.5566420781582077,13174.541600570372,Enemy
177.20000000000002,B0200,N001VE,TRACK,A0100,53.36493165741559,-16.383329868490137,-10619.561833505051,0.3196208201110118,12580.204207646191,Enemy
177.4,A0100,AN/APG-68(V)9,TRACK,B0100,53.07007769856801,0.0,0.0,0.0,0.0,Friendly
177.4,A0200,AN/APG-68(V)9,LOCK,B0100,33.746049733047144,0.0,0.0,0.0,0.0,Friendly
177.4,B0100,N001VE,TRACK,A0200,33.61316015348253,-7.415602642147094,-11054.862034810492,0.5334486582349502,13174.541600570372,Enemy
177.4,B0200,N001VE,TRACK,A0100,53.36493165741559,-16.383329868490137,-10619.561833505051,0.30630328593972034,12580.204207646191,Enemy
177.60000000000002,A0100,AN/APG-68(V)9,TRACK,B0100,53.11429837706164,0.0,0.0,0.0,0.0,Friendly
177.60000000000002,A0200,AN/APG-68(V)9,LOCK,B0100,33.79013080037012,0.0,0.0,0.0,0.0,Friendly
177.60000000000002,B0100,N001VE,TRACK,A0200,33.61316015348253,-7.415602642147094,-11054.862034810492,0.5102552383116895,13174.541600570372,Enemy
177.60000000000002,B0200,N001VE,SEARCH,A0100,53.36493165741559,-16.383329868490137,-10619.561833505051,0.292985751768427,12580.204207646191,Enemy
177.8,A0100,AN/APG-68(V)9,TRACK,B0100,53.15822061501896,0.0,0.0,0.0,0.0,Friendly
177.8,A0200,AN/APG-68(V)9,LOCK,B0100,33.833780883812864,0.0,0.0,0.0,0.0,Friendly
177.8,B0100,N001VE,SEARCH,None,0.0,0.0,0.0,0.0,0.0,Enemy
177.8,B0200,N001VE,SEARCH,None,0.0,0.0,0.0,0.0,0.0,Enemy
178.0,A0100,AN/APG-68(V)9,TRACK,B0100,53.201731188155804,0.0,0.0,0.0,0.0,Friendly
178.0,A0200,AN/APG-68(V)9,LOCK,B0100,33.87688355110011,0.0,0.0,0.0,0.0,Friendly
178.0,B0100,N001VE,SEARCH,None,0.0,0.0,0.0,0.0,0.0,Enemy
178.0,B0200,N001VE,SEARCH,None,0.0,0.0,0.0,0.0,0.0,Enemy
178.20000000000002,A0100,AN/APG-68(V)9,TRACK,B0100,53.24509670156361,0.0,0.0,0.0,0.0,Friendly
178.20000000000002,A0200,AN/APG-68(V)9,LOCK,B0100,33.919716182915984,0.0,0.0,0.0,0.0,Friendly
178.20000000000002,B0100,N001VE,SEARCH,None,0.0,0.0,0.0,0.0,0.0,Enemy
178.20000000000002,B0200,N001VE,SEARCH,None,0.0,0.0,0.0,0.0,0.0,Enemy
178.4,A0100,AN/APG-68(V)9,TRACK,B0100,53.28873388617684,0.0,0.0,0.0,0.0,Friendly
178.4,A0200,AN/APG-68(V)9,LOCK,B0100,33.9627593629394,0.0,0.0,0.0,0.0,Friendly
178.4,B0100,N001VE,SEARCH,None,0.0,0.0,0.0,0.0,0.0,Enemy
178.4,B0200,N001VE,SEARCH,None,0.0,0.0,0.0,0.0,0.0,Enemy
178.60000000000002,A0100,AN/APG-68(V)9,TRACK,B0100,53.33297012119451,0.0,0.0,0.0,0.0,Friendly
178.60000000000002,A0200,AN/APG-68(V)9,LOCK,B0100,34.0063954551651,0.0,0.0,0.0,0.0,Friendly
178.60000000000002,B0100,N001VE,SEARCH,None,0.0,0.0,0.0,0.0,0.0,Enemy
178.60000000000002,B0200,N001VE,SEARCH,None,0.0,0.0,0.0,0.0,0.0,Enemy
178.8,A0100,AN/APG-68(V)9,TRACK,B0100,53.3772313671594,0.0,0.0,0.0,0.0,Friendly
178.8,A0200,AN/APG-68(V)9,LOCK,B0100,34.05003966913248,0.0,0.0,0.0,0.0,Friendly
178.8,B0100,N001VE,TRACK,A0100,53.3772313671594,-16.389492673966892,-10536.398232627496,0.34609599222692705,12580.736712316959,Enemy
178.8,B0200,N001VE,SEARCH,None,0.0,0.0,0.0,0.0,0.0,Enemy
179.0,A0100,AN/APG-68(V)9,TRACK,B0100,53.42115315342473,0.0,0.0,0.0,0.0,Friendly
179.0,A0200,AN/APG-68(V)9,LOCK,B0100,34.093344235723855,0.0,0.0,0.0,0.0,Friendly
179.0,B0100,N001VE,TRACK,A0100,53.3772313671594,-16.389492673966892,-10536.398232627496,0.33278460791050746,12580.736712316959,Enemy
179.0,B0200,N001VE,SEARCH,None,0.0,0.0,0.0,0.0,0.0,Enemy
179.20000000000002,A0100,AN/APG-68(V)9,TRACK,B0100,53.46491551127527,0.0,0.0,0.0,0.0,Friendly
179.20000000000002,A0200,AN/APG-68(V)9,LOCK,B0100,34.13641911921173,0.0,0.0,0.0,0.0,Friendly
179.20000000000002,B0100,N001VE,TRACK,A0100,53.3772313671594,-16.389492673966892,-10536.398232627496,0.31947322359408603,12580.736712316959,Enemy
179.20000000000002,B0200,N001VE,SEARCH,None,0.0,0.0,0.0,0.0,0.0,Enemy
179.4,A0100,AN/APG-68(V)9,TRACK,B0100,53.50869880494917,0.0,0.0,0.0,0.0,Friendly
179.4,A0200,AN/APG-68(V)9,LOCK,B0100,34.17945281916593,0.0,0.0,0.0,0.0,Friendly
179.4,B0100,N001VE,TRACK,A0100,53.3772313671594,-16.389492673966892,-10536.398232627496,0.3061618392776665,12580.736712316959,Enemy
179.4,B0200,N001VE,SEARCH,None,0.0,0.0,0.0,0.0,0.0,Enemy
179.60000000000002,A0100,AN/APG-68(V)9,TRACK,B0100,53.55279390514634,0.0,0.0,0.0,0.0,Friendly
179.60000000000002,A0200,AN/APG-68(V)9,LOCK,B0100,34.222843853734005,0.0,0.0,0.0,0.0,Friendly
179.60000000000002,B0100,N001VE,SEARCH,A0100,53.3772313671594,-16.389492673966892,-10536.398232627496,0.29285045496124507,12580.736712316959,Enemy
179.60000000000002,B0200,N001VE,SEARCH,None,0.0,0.0,0.0,0.0,0.0,Enemy
179.8,A0100,AN/APG-68(V)9,TRACK,B0100,53.596892731809135,0.0,0.0,0.0,0.0,Friendly
179.8,A0200,AN/APG-68(V)9,LOCK,B0100,34.26620956740423,0.0,0.0,0.0,0.0,Friendly
179.8,B0100,N001VE,SEARCH,None,0.0,0.0,0.0,0.0,0.0,Enemy
179.8,B0200,N001VE,SEARCH,None,0.0,0.0,0.0,0.0,0.0,Enemy
180.0,A0100,AN/APG-68(V)9,TRACK,B0100,53.64058612546524,0.0,0.0,0.0,0.0,Friendly
180.0,A0200,AN/APG-68(V)9,LOCK,B0100,34.30905942351843,0.0,0.0,0.0,0.0,Friendly
180.0,B0100,N001VE,SEARCH,None,0.0,0.0,0.0,0.0,0.0,Enemy
180.0,B0200,N001VE,SEARCH,None,0.0,0.0,0.0,0.0,0.0,Enemy
180.20000000000002,A0100,AN/APG-68(V)9,TRACK,B0100,53.68404272972624,0.0,0.0,0.0,0.0,Friendly
180.20000000000002,A0200,AN/APG-68(V)9,LOCK,B0100,34.351606248150816,0.0,0.0,0.0,0.0,Friendly
180.20000000000002,B0100,N001VE,SEARCH,None,0.0,0.0,0.0,0.0,0.0,Enemy
180.20000000000002,B0200,N001VE,SEARCH,None,0.0,0.0,0.0,0.0,0.0,Enemy
180.4,A0100,AN/APG-68(V)9,TRACK,B0100,53.72754964017457,0.0,0.0,0.0,0.0,Friendly
180.4,A0200,AN/APG-68(V)9,LOCK,B0100,34.39413454005678,0.0,0.0,0.0,0.0,Friendly
180.4,B0100,N001VE,SEARCH,None,0.0,0.0,0.0,0.0,0.0,Enemy
180.4,B0200,N001VE,SEARCH,None,0.0,0.0,0.0,0.0,0.0,Enemy
180.60000000000002,A0100,AN/APG-68(V)9,TRACK,B0100,53.77135551444427,0.0,0.0,0.0,0.0,Friendly
180.60000000000002,A0200,AN/APG-68(V)9,LOCK,B0100,34.43693093592081,0.0,0.0,0.0,0.0,Friendly
180.60000000000002,B0100,N001VE,SEARCH,None,0.0,0.0,0.0,0.0,0.0,Enemy
180.60000000000002,B0200,N001VE,SEARCH,None,0.0,0.0,0.0,0.0,0.0,Enemy
180.8,A0100,AN/APG-68(V)9,TRACK,B0100,53.81539958474431,0.0,0.0,0.0,0.0,Friendly
180.8,A0200,AN/APG-68(V)9,LOCK,B0100,34.479934590453155,0.0,0.0,0.0,0.0,Friendly
180.8,B0100,N001VE,TRACK,A0100,53.81539958474431,-16.538632172391896,-10644.783010922758,0.3403998053983232,12559.710104394564,Enemy
180.8,B0100,N001VE,TRACK,A0200,34.479934590453155,-7.83526095770908,-11167.00310625829,0.5917608503241077,13111.91578391356,Enemy
180.8,B0200,N001VE,SEARCH,None,0.0,0.0,0.0,0.0,0.0,Enemy
181.0,A0100,AN/APG-68(V)9,TRACK,B0100,53.859119255331244,0.0,0.0,0.0,0.0,Friendly
181.0,A0200,AN/APG-68(V)9,LOCK,B0100,34.522574550525654,0.0,0.0,0.0,0.0,Friendly
181.0,B0100,N001VE,TRACK,A0100,53.81539958474431,-16.538632172391896,-10644.783010922758,0.32730750519069607,12559.710104394564,Enemy
181.0,B0100,N001VE,TRACK,A0200,34.479934590453155,-7.83526095770908,-11167.00310625829,0.5690008176193355,13111.91578391356,Enemy
181.0,B0200,N001VE,SEARCH,None,0.0,0.0,0.0,0.0,0.0,Enemy
181.20000000000002,A0100,AN/APG-68(V)9,TRACK,B0100,53.90234725080018,0.0,0.0,0.0,0.0,Friendly
181.20000000000002,A0200,AN/APG-68(V)9,LOCK,B0100,34.56462788403453,0.0,0.0,0.0,0.0,Friendly
181.20000000000002,B0100,N001VE,TRACK,A0100,53.81539958474431,-16.538632172391896,-10644.783010922758,0.3142152049830671,12559.710104394564,Enemy
181.20000000000002,B0100,N001VE,TRACK,A0200,34.479934590453155,-7.83526095770908,-11167.00310625829,0.5462407849145602,13111.91578391356,Enemy
181.20000000000002,B0200,N001VE,SEARCH,None,0.0,0.0,0.0,0.0,0.0,Enemy
181.4,A0100,AN/APG-68(V)9,TRACK,B0100,53.94519844053553,0.0,0.0,0.0,0.0,Friendly
181.4,A0200,AN/APG-68(V)9,LOCK,B0100,34.60615458979611,0.0,0.0,0.0,0.0,Friendly
181.4,B0100,N001VE,TRACK,A0100,53.81539958474431,-16.538632172391896,-10644.783010922758,0.30112290477544,12559.710104394564,Enemy
181.4,B0100,N001VE,TRACK,A0200,34.479934590453155,-7.83526095770908,-11167.00310625829,0.523480752209788,13111.91578391356,Enemy
181.4,B0200,N001VE,SEARCH,None,0.0,0.0,0.0,0.0,0.0,Enemy
181.60000000000002,A0100,AN/APG-68(V)9,TRACK,B0100,53.988190911310284,0.0,0.0,0.0,0.0,Friendly
181.60000000000002,A0200,AN/APG-68(V)9,LOCK,B0100,34.64774410999205,0.0,0.0,0.0,0.0,Friendly
181.60000000000002,B0100,N001VE,TRACK,A0100,53.81539958474431,-16.538632172391896,-10644.783010922758,0.28803060456781104,12559.710104394564,Enemy
181.60000000000002,B0100,N001VE,TRACK,A0200,34.479934590453155,-7.83526095770908,-11167.00310625829,0.5007207195050126,13111.91578391356,Enemy
181.60000000000002,B0200,N001VE,SEARCH,None,0.0,0.0,0.0,0.0,0.0,Enemy
181.8,A0100,AN/APG-68(V)9,TRACK,B0100,54.0314362451302,0.0,0.0,0.0,0.0,Friendly
181.8,A0200,AN/APG-68(V)9,LOCK,B0100,34.68948347340521,0.0,0.0,0.0,0.0,Friendly
181.8,B0100,N001VE,TRACK,A0100,54.0314362451302,-16.611494796319327,-10692.773507711456,0.33759132881330667,12549.202775572383,Enemy
181.8,B0100,N001VE,TRACK,A0200,34.68948347340521,-7.934675515664033,-11174.460786828438,0.589036714845731,13096.562618476146,Enemy
181.8,B0200,N001VE,SEARCH,None,0.0,0.0,0.0,0.0,0.0,Enemy
182.0,A0100,AN/APG-68(V)9,TRACK,B0100,54.074786309703974,0.0,0.0,0.0,0.0,Friendly
182.0,A0200,AN/APG-68(V)9,LOCK,B0100,34.73123235592902,0.0,0.0,0.0,0.0,Friendly
182.0,B0100,N001VE,TRACK,A0100,54.0314362451302,-16.611494796319327,-10692.773507711456,0.3246070469358725,12549.202775572383,Enemy
182.0,B0100,N001VE,TRACK,A0200,34.68948347340521,-7.934675515664033,-11174.460786828438,0.5663814565824348,13096.562618476146,Enemy
182.0,B0200,N001VE,SEARCH,None,0.0,0.0,0.0,0.0,0.0,Enemy
182.20000000000002,A0100,AN/APG-68(V)9,TRACK,B0100,54.1181458608857,0.0,0.0,0.0,0.0,Friendly
182.20000000000002,A0200,AN/APG-68(V)9,LOCK,B0100,34.772948170586446,0.0,0.0,0.0,0.0,Friendly
182.20000000000002,B0100,N001VE,TRACK,A0100,54.0314362451302,-16.611494796319327,-10692.773507711456,0.3116227650584365,12549.202775572383,Enemy
182.20000000000002,B0100,N001VE,TRACK,A0200,34.68948347340521,-7.934675515664033,-11174.460786828438,0.5437261983191355,13096.562618476146,Enemy
182.20000000000002,B0200,N001VE,SEARCH,None,0.0,0.0,0.0,0.0,0.0,Enemy
182.4,A0100,AN/APG-68(V)9,TRACK,B0100,54.161533453200924,0.0,0.0,0.0,0.0,Friendly
182.4,A0200,AN/APG-68(V)9,LOCK,B0100,34.81467831201786,0.0,0.0,0.0,0.0,Friendly
182.4,B0100,N001VE,TRACK,A0100,54.0314362451302,-16.611494796319327,-10692.773507711456,0.29863848318100233,12549.202775572383,Enemy
182.4,B0100,N001VE,TRACK,A0200,34.68948347340521,-7.934675515664033,-11174.460786828438,0.5210709400558393,13096.562618476146,Enemy
182.4,B0200,N001VE,SEARCH,None,0.0,0.0,0.0,0.0,0.0,Enemy
182.60000000000002,A0100,AN/APG-68(V)9,TRACK,B0100,54.204985636448825,0.0,0.0,0.0,0.0,Friendly
182.60000000000002,A0200,AN/APG-68(V)9,LOCK,B0100,34.85638628166924,0.0,0.0,0.0,0.0,Friendly
182.60000000000002,B0100,N001VE,TRACK,A0100,54.0314362451302,-16.611494796319327,-10692.773507711456,0.28565420130356634,12549.202775572383,Enemy
182.60000000000002,B0100,N001VE,TRACK,A0200,34.68948347340521,-7.934675515664033,-11174.460786828438,0.49841568179254003,13096.562618476146,Enemy
182.60000000000002,B0200,N001VE,SEARCH,None,0.0,0.0,0.0,0.0,0.0,Enemy
182.8,A0100,AN/APG-68(V)9,TRACK,B0100,54.248460101776054,0.0,0.0,0.0,0.0,Friendly
182.8,A0200,AN/APG-68(V)9,LOCK,B0100,34.898097610614734,0.0,0.0,0.0,0.0,Friendly
182.8,B0100,N001VE,TRACK,A0200,34.898097610614734,-8.032776830931557,-11189.12314724046,0.5863247310620072,13081.140376308203,Enemy
182.8,B0200,N001VE,TRACK,A0200,35.27157618609065,-8.188664337208328,-11333.920784535821,0.5814695095808203,13043.104613812578,Enemy
183.0,A0100,AN/APG-68(V)9,TRACK,B0100,54.291897900380754,0.0,0.0,0.0,0.0,Friendly
183.0,A0200,AN/APG-68(V)9,LOCK,B0100,34.939740225055054,0.0,0.0,0.0,0.0,Friendly
183.0,B0100,N001VE,TRACK,A0200,34.898097610614734,-8.032776830931557,-11189.12314724046,0.5637737798673158,13081.140376308203,Enemy
183.0,B0200,N001VE,TRACK,A0200,35.27157618609065,-8.188664337208328,-11333.920784535821,0.5591052976738669,13043.104613812578,Enemy
183.20000000000002,A0100,AN/APG-68(V)9,TRACK,B0100,54.33534892903867,0.0,0.0,0.0,0.0,Friendly
183.20000000000002,A0200,AN/APG-68(V)9,LOCK,B0100,34.98140157538579,0.0,0.0,0.0,0.0,Friendly
183.20000000000002,B0100,N001VE,TRACK,A0200,34.898097610614734,-8.032776830931557,-11189.12314724046,0.5412228286726213,13081.140376308203,Enemy
183.20000000000002,B0200,N001VE,TRACK,A0200,35.27157618609065,-8.188664337208328,-11333.920784535821,0.5367410857669103,13043.104613812578,Enemy
183.4,A0100,AN/APG-68(V)9,TRACK,B0100,54.378896548998505,0.0,0.0,0.0,0.0,Friendly
183.4,A0200,AN/APG-68(V)9,LOCK,B0100,35.02314632228029,0.0,0.0,0.0,0.0,Friendly
183.4,B0100,N001VE,TRACK,A0200,34.898097610614734,-8.032776830931557,-11189.12314724046,0.5186718774779299,13081.140376308203,Enemy
183.4,B0200,N001VE,TRACK,A0200,35.27157618609065,-8.188664337208328,-11333.920784535821,0.5143768738599569,13043.104613812578,Enemy
183.60000000000002,A0100,AN/APG-68(V)9,TRACK,B0100,54.4225229797564,0.0,0.0,0.0,0.0,Friendly
183.60000000000002,A0200,AN/APG-68(V)9,LOCK,B0100,35.064882676346144,0.0,0.0,0.0,0.0,Friendly
183.60000000000002,B0100,N001VE,TRACK,A0200,34.898097610614734,-8.032776830931557,-11189.12314724046,0.49612092628323534,13081.140376308203,Enemy
183.60000000000002,B0200,N001VE,TRACK,A0200,35.27157618609065,-8.188664337208328,-11333.920784535821,0.4920126619530003,13043.104613812578,Enemy
183.8,A0100,AN/APG-68(V)9,TRACK,B0100,54.466264479033704,0.0,0.0,0.0,0.0,Friendly
183.8,A0200,AN/APG-68(V)9,LOCK,B0100,35.106635232147866,0.0,0.0,0.0,0.0,Friendly
183.8,B0100,N001VE,TRACK,A0100,54.466264479033704,-16.757563753899735,-10759.838202812256,0.33193856177256115,12528.199855398365,Enemy
183.8,B0200,N001VE,SEARCH,None,0.0,0.0,0.0,0.0,0.0,Enemy
184.0,A0100,AN/APG-68(V)9,TRACK,B0100,54.51011439111154,0.0,0.0,0.0,0.0,Friendly
184.0,A0200,AN/APG-68(V)9,LOCK,B0100,35.14848449000395,0.0,0.0,0.0,0.0,Friendly
184.0,B0100,N001VE,TRACK,A0100,54.466264479033704,-16.757563753899735,-10759.838202812256,0.3191716940120787,12528.199855398365,Enemy
184.0,B0200,N001VE,SEARCH,None,0.0,0.0,0.0,0.0,0.0,Enemy
184.20000000000002,A0100,AN/APG-68(V)9,TRACK,B0100,54.55398083836626,0.0,0.0,0.0,0.0,Friendly
184.20000000000002,A0200,AN/APG-68(V)9,LOCK,B0100,35.190369870189336,0.0,0.0,0.0,0.0,Friendly
184.20000000000002,B0100,N001VE,TRACK,A0100,54.466264479033704,-16.757563753899735,-10759.838202812256,0.30640482625159443,12528.199855398365,Enemy
184.20000000000002,B0200,N001VE,SEARCH,None,0.0,0.0,0.0,0.0,0.0,Enemy
184.4,A0100,AN/APG-68(V)9,TRACK,B0100,54.597816771458184,0.0,0.0,0.0,0.0,Friendly
184.4,A0200,AN/APG-68(V)9,LOCK,B0100,35.23222927808593,0.0,0.0,0.0,0.0,Friendly
184.4,B0100,N001VE,SEARCH,A0100,54.466264479033704,-16.757563753899735,-10759.838202812256,0.293637958491112,12528.199855398365,Enemy
184.4,B0200,N001VE,SEARCH,None,0.0,0.0,0.0,0.0,0.0,Enemy
184.60000000000002,A0100,AN/APG-68(V)9,TRACK,B0100,54.641734552472364,0.0,0.0,0.0,0.0,Friendly
184.60000000000002,A0200,AN/APG-68(V)9,LOCK,B0100,35.27417081543963,0.0,0.0,0.0,0.0,Friendly
184.60000000000002,B0100,N001VE,SEARCH,A0100,54.466264479033704,-16.757563753899735,-10759.838202812256,0.28087109073062777,12528.199855398365,Enemy
184.60000000000002,B0200,N001VE,SEARCH,None,0.0,0.0,0.0,0.0,0.0,Enemy
184.8,A0100,AN/APG-68(V)9,TRACK,B0100,54.68578509688771,0.0,0.0,0.0,0.0,Friendly
184.8,A0200,AN/APG-68(V)9,LOCK,B0100,35.316135898431085,0.0,0.0,0.0,0.0,Friendly
184.8,B0100,N001VE,TRACK,A0200,35.316135898431085,-8.227836895773557,-11207.101408354709,0.5808902333203947,13050.429371033884,Enemy
184.8,B0200,N001VE,TRACK,A0100,55.122423438292465,-16.977846969393553,-10874.262614246953,0.3234084953021973,12497.626154833968,Enemy
184.8,B0200,N001VE,TRACK,A0200,35.693390958937314,-8.385109001665022,-11346.543088103512,0.5759859175338137,13013.165007071715,Enemy
185.0,A0100,AN/APG-68(V)9,TRACK,B0100,54.72990349078187,0.0,0.0,0.0,0.0,Friendly
185.0,A0200,AN/APG-68(V)9,LOCK,B0100,35.35802057076614,0.0,0.0,0.0,0.0,Friendly
185.0,B0100,N001VE,TRACK,A0200,35.316135898431085,-8.227836895773557,-11207.101408354709,0.5585483012696114,13050.429371033884,Enemy
185.0,B0200,N001VE,TRACK,A0100,55.122423438292465,-16.977846969393553,-10874.262614246953,0.3109697070213442,12497.626154833968,Enemy
185.0,B0200,N001VE,TRACK,A0200,35.693390958937314,-8.385109001665022,-11346.543088103512,0.5538326130132836,13013.165007071715,Enemy
185.20000000000002,A0100,AN/APG-68(V)9,TRACK,B0100,54.77411203589703,0.0,0.0,0.0,0.0,Friendly
185.20000000000002,A0200,AN/APG-68(V)9,LOCK,B0100,35.39993702860188,0.0,0.0,0.0,0.0,Friendly
185.20000000000002,B0100,N001VE,TRACK,A0200,35.316135898431085,-8.227836895773557,-11207.101408354709,0.536206369218825,13050.429371033884,Enemy
185.20000000000002,B0200,N001VE,TRACK,A0100,55.122423438292465,-16.977846969393553,-10874.262614246953,0.29853091874048937,12497.626154833968,Enemy
185.20000000000002,B0200,N001VE,TRACK,A0200,35.693390958937314,-8.385109001665022,-11346.543088103512,0.5316793084927504,13013.165007071715,Enemy
185.4,A0100,AN/APG-68(V)9,TRACK,B0100,54.818425620284756,0.0,0.0,0.0,0.0,Friendly
185.4,A0200,AN/APG-68(V)9,LOCK,B0100,35.44194197959661,0.0,0.0,0.0,0.0,Friendly
185.4,B0100,N001VE,TRACK,A0200,35.316135898431085,-8.227836895773557,-11207.101408354709,0.5138644371680419,13050.429371033884,Enemy
185.4,B0200,N001VE,TRACK,A0100,55.122423438292465,-16.977846969393553,-10874.262614246953,0.2860921304596363,12497.626154833968,Enemy
185.4,B0200,N001VE,TRACK,A0200,35.693390958937314,-8.385109001665022,-11346.543088103512,0.5095260039722203,13013.165007071715,Enemy
185.60000000000002,A0100,AN/APG-68(V)9,TRACK,B0100,54.86279853086657,0.0,0.0,0.0,0.0,Friendly
185.60000000000002,A0200,AN/APG-68(V)9,LOCK,B0100,35.48403785983772,0.0,0.0,0.0,0.0,Friendly
185.60000000000002,B0100,N001VE,TRACK,A0200,35.316135898431085,-8.227836895773557,-11207.101408354709,0.4915225051172555,13050.429371033884,Enemy
185.60000000000002,B0200,N001VE,TRACK,A0100,55.122423438292465,-16.977846969393553,-10874.262614246953,0.27365334217878146,12497.626154833968,Enemy
185.60000000000002,B0200,N001VE,TRACK,A0200,35.693390958937314,-8.385109001665022,-11346.543088103512,0.48737269945168704,13013.165007071715,Enemy
185.8,A0100,AN/APG-68(V)9,TRACK,B0100,54.90717555803853,0.0,0.0,0.0,0.0,Friendly
185.8,A0200,AN/APG-68(V)9,LOCK,B0100,35.52613080102398,0.0,0.0,0.0,0.0,Friendly
185.8,B0100,N001VE,TRACK,A0100,54.90717555803853,-16.90570274229713,-10841.509911143405,0.3262067177454985,12507.566122465598,Enemy
185.8,B0200,N001VE,TRACK,A0200,35.90522391284604,-8.483396261829057,-11399.612038994186,0.5732320891330002,12998.446148503386,Enemy
186.0,A0100,AN/APG-68(V)9,TRACK,B0100,54.95162618438978,0.0,0.0,0.0,0.0,Friendly
186.0,A0200,AN/APG-68(V)9,LOCK,B0100,35.568257386811624,0.0,0.0,0.0,0.0,Friendly
186.0,B0100,N001VE,TRACK,A0100,54.90717555803853,-16.90570274229713,-10841.509911143405,0.3136603055245184,12507.566122465598,Enemy
186.0,B0200,N001VE,TRACK,A0200,35.90522391284604,-8.483396261829057,-11399.612038994186,0.5511847010894244,12998.446148503386,Enemy
186.20000000000002,A0100,AN/APG-68(V)9,TRACK,B0100,54.996380163516605,0.0,0.0,0.0,0.0,Friendly
186.20000000000002,A0200,AN/APG-68(V)9,LOCK,B0100,35.61055094108577,0.0,0.0,0.0,0.0,Friendly
186.20000000000002,B0100,N001VE,TRACK,A0100,54.90717555803853,-16.90570274229713,-10841.509911143405,0.3011138933035366,12507.566122465598,Enemy
186.20000000000002,B0200,N001VE,TRACK,A0200,35.90522391284604,-8.483396261829057,-11399.612038994186,0.5291373130458455,12998.446148503386,Enemy
186.4,A0100,AN/APG-68(V)9,TRACK,B0100,55.041388653433486,0.0,0.0,0.0,0.0,Friendly
186.4,A0200,AN/APG-68(V)9,LOCK,B0100,35.652842147288304,0.0,0.0,0.0,0.0,Friendly
186.4,B0100,N001VE,SEARCH,A0100,54.90717555803853,-16.90570274229713,-10841.509911143405,0.28856748108255653,12507.566122465598,Enemy
186.4,B0200,N001VE,TRACK,A0200,35.90522391284604,-8.483396261829057,-11399.612038994186,0.5070899250022698,12998.446148503386,Enemy
186.60000000000002,A0100,AN/APG-68(V)9,TRACK,B0100,55.08658560795795,0.0,0.0,0.0,0.0,Friendly
186.60000000000002,A0200,AN/APG-68(V)9,LOCK,B0100,35.69548455801742,0.0,0.0,0.0,0.0,Friendly
186.60000000000002,B0100,N001VE,SEARCH,A0100,54.90717555803853,-16.90570274229713,-10841.509911143405,0.2760210688615748,12507.566122465598,Enemy
186.60000000000002,B0200,N001VE,TRACK,A0200,35.90522391284604,-8.483396261829057,-11399.612038994186,0.485042536958691,12998.446148503386,Enemy
186.8,A0100,AN/APG-68(V)9,TRACK,B0100,55.13189475767654,0.0,0.0,0.0,0.0,Friendly
186.8,A0200,AN/APG-68(V)9,LOCK,B0100,35.73908771960133,0.0,0.0,0.0,0.0,Friendly
186.8,B0100,N001VE,TRACK,A0100,55.13189475767654,-16.981603237567573,-10855.768232140988,0.32328536815020426,12497.525609538005,Enemy
186.8,B0200,N001VE,SEARCH,None,0.0,0.0,0.0,0.0,0.0,Enemy
187.0,A0100,AN/APG-68(V)9,TRACK,B0100,55.177289193728505,0.0,0.0,0.0,0.0,Friendly
187.0,A0200,AN/APG-68(V)9,LOCK,B0100,35.783812080189826,0.0,0.0,0.0,0.0,Friendly
187.0,B0100,N001VE,TRACK,A0100,55.13189475767654,-16.981603237567573,-10855.768232140988,0.3108513155290432,12497.525609538005,Enemy
187.0,B0200,N001VE,SEARCH,None,0.0,0.0,0.0,0.0,0.0,Enemy
187.20000000000002,A0100,AN/APG-68(V)9,TRACK,B0100,55.222648530483205,0.0,0.0,0.0,0.0,Friendly
187.20000000000002,A0200,AN/APG-68(V)9,LOCK,B0100,35.82940667000961,0.0,0.0,0.0,0.0,Friendly
187.20000000000002,B0100,N001VE,SEARCH,A0100,55.13189475767654,-16.981603237567573,-10855.768232140988,0.29841726290788045,12497.525609538005,Enemy
187.20000000000002,B0200,N001VE,SEARCH,None,0.0,0.0,0.0,0.0,0.0,Enemy
187.4,A0100,AN/APG-68(V)9,TRACK,B0100,55.268019855633035,0.0,0.0,0.0,0.0,Friendly
187.4,A0200,AN/APG-68(V)9,LOCK,B0100,35.87566375355081,0.0,0.0,0.0,0.0,Friendly
187.4,B0100,N001VE,SEARCH,A0100,55.13189475767654,-16.981603237567573,-10855.768232140988,0.2859832102867194,12497.525609538005,Enemy
187.4,B0200,N001VE,SEARCH,None,0.0,0.0,0.0,0.0,0.0,Enemy
187.60000000000002,A0100,AN/APG-68(V)9,TRACK,B0100,55.31363659156072,0.0,0.0,0.0,0.0,Friendly
187.60000000000002,A0200,AN/APG-68(V)9,LOCK,B0100,35.92240415969107,0.0,0.0,0.0,0.0,Friendly
187.60000000000002,B0100,N001VE,SEARCH,A0100,55.13189475767654,-16.981603237567573,-10855.768232140988,0.2735491576655566,12497.525609538005,Enemy
187.60000000000002,B0200,N001VE,SEARCH,None,0.0,0.0,0.0,0.0,0.0,Enemy
187.8,A0100,AN/APG-68(V)9,TRACK,B0100,55.3594944774107,0.0,0.0,0.0,0.0,Friendly
187.8,A0200,AN/APG-68(V)9,LOCK,B0100,35.96928108013189,0.0,0.0,0.0,0.0,Friendly
187.8,B0100,N001VE,SEARCH,None,0.0,0.0,0.0,0.0,0.0,Enemy
187.8,B0200,N001VE,TRACK,A0200,36.35199318963531,-8.691783611166079,-11585.489424547517,0.5674240885347398,12969.160479638707,Enemy
188.0,A0100,AN/APG-68(V)9,TRACK,B0100,55.405448326672214,0.0,0.0,0.0,0.0,Friendly
188.0,A0200,AN/APG-68(V)9,LOCK,B0100,36.016380672121066,0.0,0.0,0.0,0.0,Friendly
188.0,B0100,N001VE,SEARCH,None,0.0,0.0,0.0,0.0,0.0,Enemy
188.0,B0200,N001VE,TRACK,A0200,36.35199318963531,-8.691783611166079,-11585.489424547517,0.5456000851295586,12969.160479638707,Enemy
188.20000000000002,A0100,AN/APG-68(V)9,TRACK,B0100,55.451266702562876,0.0,0.0,0.0,0.0,Friendly
188.20000000000002,A0200,AN/APG-68(V)9,LOCK,B0100,36.06380282907771,0.0,0.0,0.0,0.0,Friendly
188.20000000000002,B0100,N001VE,SEARCH,None,0.0,0.0,0.0,0.0,0.0,Enemy
188.20000000000002,B0200,N001VE,TRACK,A0200,36.35199318963531,-8.691783611166079,-11585.489424547517,0.5237760817243744,12969.160479638707,Enemy
188.4,A0100,AN/APG-68(V)9,TRACK,B0100,55.49671257628318,0.0,0.0,0.0,0.0,Friendly
188.4,A0200,AN/APG-68(V)9,LOCK,B0100,36.11101099677516,0.0,0.0,0.0,0.0,Friendly
188.4,B0100,N001VE,SEARCH,None,0.0,0.0,0.0,0.0,0.0,Enemy
188.4,B0200,N001VE,TRACK,A0200,36.35199318963531,-8.691783611166079,-11585.489424547517,0.5019520783191933,12969.160479638707,Enemy
188.60000000000002,A0100,AN/APG-68(V)9,TRACK,B0100,55.54186887254025,0.0,0.0,0.0,0.0,Friendly
188.60000000000002,A0200,AN/APG-68(V)9,LOCK,B0100,36.15749913547738,0.0,0.0,0.0,0.0,Friendly
188.60000000000002,B0100,N001VE,SEARCH,None,0.0,0.0,0.0,0.0,0.0,Enemy
188.60000000000002,B0200,N001VE,TRACK,A0200,36.35199318963531,-8.691783611166079,-11585.489424547517,0.4801280749140091,12969.160479638707,Enemy
188.8,A0100,AN/APG-68(V)9,TRACK,B0100,55.58699329885926,0.0,0.0,0.0,0.0,Friendly
188.8,A0200,AN/APG-68(V)9,LOCK,B0100,36.20335320069548,0.0,0.0,0.0,0.0,Friendly
188.8,B0100,N001VE,TRACK,A0200,36.20335320069548,-8.642045637827474,-11586.11094753647,0.5693564083909575,12989.960719262044,Enemy
188.8,B0200,N001VE,SEARCH,None,0.0,0.0,0.0,0.0,0.0,Enemy
189.0,A0100,AN/APG-68(V)9,TRACK,B0100,55.6323265725354,0.0,0.0,0.0,0.0,Friendly
189.0,A0200,AN/APG-68(V)9,LOCK,B0100,36.24904206593483,0.0,0.0,0.0,0.0,Friendly
189.0,B0100,N001VE,SEARCH,None,0.0,0.0,0.0,0.0,0.0,Enemy
189.0,B0200,N001VE,SEARCH,None,0.0,0.0,0.0,0.0,0.0,Enemy
189.20000000000002,A0100,AN/APG-68(V)9,TRACK,B0100,55.67785724757254,0.0,0.0,0.0,0.0,Friendly
189.20000000000002,A0200,AN/APG-68(V)9,LOCK,B0100,36.29499904158145,0.0,0.0,0.0,0.0,Friendly
189.20000000000002,B0100,N001VE,SEARCH,None,0.0,0.0,0.0,0.0,0.0,Enemy
189.20000000000002,B0200,N001VE,SEARCH,None,0.0,0.0,0.0,0.0,0.0,Enemy
189.4,A0100,AN/APG-68(V)9,TRACK,B0100,55.72345814421246,0.0,0.0,0.0,0.0,Friendly
189.4,A0200,AN/APG-68(V)9,LOCK,B0100,36.34124888491212,0.0,0.0,0.0,0.0,Friendly
189.4,B0100,N001VE,SEARCH,None,0.0,0.0,0.0,0.0,0.0,Enemy
189.4,B0200,N001VE,SEARCH,None,0.0,0.0,0.0,0.0,0.0,Enemy
189.60000000000002,A0100,AN/APG-68(V)9,TRACK,B0100,55.76895862956924,0.0,0.0,0.0,0.0,Friendly
189.60000000000002,A0200,AN/APG-68(V)9,LOCK,B0100,36.38777472998187,0.0,0.0,0.0,0.0,Friendly
189.60000000000002,B0100,N001VE,SEARCH,None,0.0,0.0,0.0,0.0,0.0,Enemy
189.60000000000002,B0200,N001VE,SEARCH,None,0.0,0.0,0.0,0.0,0.0,Enemy
189.8,A0100,AN/APG-68(V)9,TRACK,B0100,55.81439972331551,0.0,0.0,0.0,0.0,Friendly
189.8,A0200,AN/APG-68(V)9,LOCK,B0100,36.434670720841424,0.0,0.0,0.0,0.0,Friendly
189.8,B0100,N001VE,SEARCH,None,0.0,0.0,0.0,0.0,0.0,Enemy
189.8,B0200,N001VE,TRACK,A0200,36.82085956498111,-8.911200410364215,-12024.258074076277,0.5613288256552443,12940.456662204753,Enemy
190.0,A0100,AN/APG-68(V)9,TRACK,B0100,55.86006488804831,0.0,0.0,0.0,0.0,Friendly
190.0,A0200,AN/APG-68(V)9,LOCK,B0100,36.48199801148451,0.0,0.0,0.0,0.0,Friendly
190.0,B0100,N001VE,SEARCH,None,0.0,0.0,0.0,0.0,0.0,Enemy
190.0,B0200,N001VE,TRACK,A0200,36.82085956498111,-8.911200410364215,-12024.258074076277,0.539739255437736,12940.456662204753,Enemy
190.20000000000002,A0100,AN/APG-68(V)9,TRACK,B0100,55.9059255540586,0.0,0.0,0.0,0.0,Friendly
190.20000000000002,A0200,AN/APG-68(V)9,LOCK,B0100,36.52969494166573,0.0,0.0,0.0,0.0,Friendly
190.20000000000002,B0100,N001VE,SEARCH,None,0.0,0.0,0.0,0.0,0.0,Enemy
190.20000000000002,B0200,N001VE,TRACK,A0200,36.82085956498111,-8.911200410364215,-12024.258074076277,0.5181496852202248,12940.456662204753,Enemy
190.4,A0100,AN/APG-68(V)9,TRACK,B0100,55.95173638155274,0.0,0.0,0.0,0.0,Friendly
190.4,A0200,AN/APG-68(V)9,LOCK,B0100,36.57761191949647,0.0,0.0,0.0,0.0,Friendly
190.4,B0100,N001VE,SEARCH,None,0.0,0.0,0.0,0.0,0.0,Enemy
190.4,B0200,N001VE,TRACK,A0200,36.82085956498111,-8.911200410364215,-12024.258074076277,0.4965601150027165,12940.456662204753,Enemy
190.60000000000002,A0100,AN/APG-68(V)9,TRACK,B0100,55.99744817658744,0.0,0.0,0.0,0.0,Friendly
190.60000000000002,A0200,AN/APG-68(V)9,LOCK,B0100,36.62562731742298,0.0,0.0,0.0,0.0,Friendly
190.60000000000002,B0100,N001VE,SEARCH,None,0.0,0.0,0.0,0.0,0.0,Enemy
190.60000000000002,B0200,N001VE,TRACK,A0200,36.82085956498111,-8.911200410364215,-12024.258074076277,0.4749705447852053,12940.456662204753,Enemy
190.8,A0100,AN/APG-68(V)9,TRACK,B0100,56.043048888631006,0.0,0.0,0.0,0.0,Friendly
190.8,A0200,AN/APG-68(V)9,LOCK,B0100,36.67358407671783,0.0,0.0,0.0,0.0,Friendly
190.8,B0100,N001VE,SEARCH,None,0.0,0.0,0.0,0.0,0.0,Enemy
190.8,B0200,N001VE,TRACK,A0200,37.06138231383263,-9.024785791014047,-12067.191671276383,0.5582020299201745,12926.949451274191,Enemy
190.8,B0200,N001VE,TRACK,A0100,56.48550509954719,-17.437936660768752,-10917.028056144953,0.30568843370588594,12440.005495412515,Enemy
191.0,A0100,AN/APG-68(V)9,TRACK,B0100,56.088250457982745,0.0,0.0,0.0,0.0,Friendly
191.0,A0200,AN/APG-68(V)9,LOCK,B0100,36.72123528265472,0.0,0.0,0.0,0.0,Friendly
191.0,B0100,N001VE,SEARCH,None,0.0,0.0,0.0,0.0,0.0,Enemy
191.0,B0200,N001VE,TRACK,A0200,37.06138231383263,-9.024785791014047,-12067.191671276383,0.536732721077092,12926.949451274191,Enemy
191.0,B0200,N001VE,TRACK,A0100,56.48550509954719,-17.437936660768752,-10917.028056144953,0.29393118625566017,12440.005495412515,Enemy
191.20000000000002,A0100,AN/APG-68(V)9,TRACK,B0100,56.13295115251761,0.0,0.0,0.0,0.0,Friendly
191.20000000000002,A0200,AN/APG-68(V)9,LOCK,B0100,36.768481352071596,0.0,0.0,0.0,0.0,Friendly
191.20000000000002,B0100,N001VE,SEARCH,None,0.0,0.0,0.0,0.0,0.0,Enemy
191.20000000000002,B0200,N001VE,TRACK,A0200,37.06138231383263,-9.024785791014047,-12067.191671276383,0.5152634122340065,12926.949451274191,Enemy
191.20000000000002,B0200,N001VE,TRACK,A0100,56.48550509954719,-17.437936660768752,-10917.028056144953,0.2821739388054328,12440.005495412515,Enemy
191.4,A0100,AN/APG-68(V)9,TRACK,B0100,56.177220476264296,0.0,0.0,0.0,0.0,Friendly
191.4,A0200,AN/APG-68(V)9,LOCK,B0100,36.81544065745596,0.0,0.0,0.0,0.0,Friendly
191.4,B0100,N001VE,SEARCH,None,0.0,0.0,0.0,0.0,0.0,Enemy
191.4,B0200,N001VE,TRACK,A0200,37.06138231383263,-9.024785791014047,-12067.191671276383,0.493794103390924,12926.949451274191,Enemy
191.4,B0200,N001VE,TRACK,A0100,56.48550509954719,-17.437936660768752,-10917.028056144953,0.270416691355207,12440.005495412515,Enemy
191.60000000000002,A0100,AN/APG-68(V)9,TRACK,B0100,56.221106852765445,0.0,0.0,0.0,0.0,Friendly
191.60000000000002,A0200,AN/APG-68(V)9,LOCK,B0100,36.8622742441563,0.0,0.0,0.0,0.0,Friendly
191.60000000000002,B0100,N001VE,SEARCH,None,0.0,0.0,0.0,0.0,0.0,Enemy
191.60000000000002,B0200,N001VE,TRACK,A0200,37.06138231383263,-9.024785791014047,-12067.191671276383,0.47232479454783854,12926.949451274191,Enemy
191.60000000000002,B0200,N001VE,TRACK,A0100,56.48550509954719,-17.437936660768752,-10917.028056144953,0.25865944390497964,12440.005495412515,Enemy
191.8,A0100,AN/APG-68(V)9,TRACK,B0100,56.2648736691677,0.0,0.0,0.0,0.0,Friendly
191.8,A0200,AN/APG-68(V)9,LOCK,B0100,36.90923123338084,0.0,0.0,0.0,0.0,Friendly
191.8,B0100,N001VE,SEARCH,None,0.0,0.0,0.0,0.0,0.0,Enemy
191.8,B0200,N001VE,SEARCH,None,0.0,0.0,0.0,0.0,0.0,Enemy
192.0,A0100,AN/APG-68(V)9,TRACK,B0100,56.30876484013514,0.0,0.0,0.0,0.0,Friendly
192.0,A0200,AN/APG-68(V)9,LOCK,B0100,36.956515322411995,0.0,0.0,0.0,0.0,Friendly
192.0,B0100,N001VE,SEARCH,None,0.0,0.0,0.0,0.0,0.0,Enemy
192.0,B0200,N001VE,SEARCH,None,0.0,0.0,0.0,0.0,0.0,Enemy
192.20000000000002,A0100,AN/APG-68(V)9,TRACK,B0100,56.35304584404216,0.0,0.0,0.0,0.0,Friendly
192.20000000000002,A0200,AN/APG-68(V)9,LOCK,B0100,37.00442495409737,0.0,0.0,0.0,0.0,Friendly
192.20000000000002,B0100,N001VE,SEARCH,None,0.0,0.0,0.0,0.0,0.0,Enemy
192.20000000000002,B0200,N001VE,SEARCH,None,0.0,0.0,0.0,0.0,0.0,Enemy
192.4,A0100,AN/APG-68(V)9,TRACK,B0100,56.39747273857232,0.0,0.0,0.0,0.0,Friendly
192.4,A0200,AN/APG-68(V)9,LOCK,B0100,37.052607510361966,0.0,0.0,0.0,0.0,Friendly
192.4,B0100,N001VE,SEARCH,None,0.0,0.0,0.0,0.0,0.0,Enemy
192.4,B0200,N001VE,SEARCH,None,0.0,0.0,0.0,0.0,0.0,Enemy
192.60000000000002,A0100,AN/APG-68(V)9,TRACK,B0100,56.44155075170317,0.0,0.0,0.0,0.0,Friendly
192.60000000000002,A0200,AN/APG-68(V)9,LOCK,B0100,37.10044788312396,0.0,0.0,0.0,0.0,Friendly
192.60000000000002,B0100,N001VE,SEARCH,None,0.0,0.0,0.0,0.0,0.0,Enemy
192.60000000000002,B0200,N001VE,SEARCH,None,0.0,0.0,0.0,0.0,0.0,Enemy
192.8,A0100,AN/APG-68(V)9,TRACK,B0100,56.48516985791412,0.0,0.0,0.0,0.0,Friendly
192.8,A0200,AN/APG-68(V)9,LOCK,B0100,37.147830991436685,0.0,0.0,0.0,0.0,Friendly
192.8,B0100,N001VE,TRACK,A0200,37.147830991436685,-9.086604928061169,-12121.003547879167,0.557078197111322,12934.226228615536,Enemy
192.8,B0200,N001VE,TRACK,A0100,56.92936959620852,-17.586530503356514,-10953.963729992618,0.29991819524928864,12421.80438489762,Enemy
192.8,B0200,N001VE,TRACK,A0200,37.53880740178807,-9.24782376064493,-12250.093767827231,0.5519955037767539,12899.986722561762,Enemy
193.0,A0100,AN/APG-68(V)9,TRACK,B0100,56.52879520180196,0.0,0.0,0.0,0.0,Friendly
193.0,A0200,AN/APG-68(V)9,LOCK,B0100,37.195333030888776,0.0,0.0,0.0,0.0,Friendly
193.0,B0100,N001VE,TRACK,A0200,37.147830991436685,-9.086604928061169,-12121.003547879167,0.5356521126070415,12934.226228615536,Enemy
193.0,B0200,N001VE,TRACK,A0100,56.92936959620852,-17.586530503356514,-10953.963729992618,0.28838288004739354,12421.80438489762,Enemy
193.0,B0200,N001VE,TRACK,A0200,37.53880740178807,-9.24782376064493,-12250.093767827231,0.530764907477649,12899.986722561762,Enemy
193.20000000000002,A0100,AN/APG-68(V)9,TRACK,B0100,56.57260396397689,0.0,0.0,0.0,0.0,Friendly
193.20000000000002,A0200,AN/APG-68(V)9,LOCK,B0100,37.24321185079173,0.0,0.0,0.0,0.0,Friendly
193.20000000000002,B0100,N001VE,TRACK,A0200,37.147830991436685,-9.086604928061169,-12121.003547879167,0.514226028102758,12934.226228615536,Enemy
193.20000000000002,B0200,N001VE,TRACK,A0100,56.92936959620852,-17.586530503356514,-10953.963729992618,0.27684756484549683,12421.80438489762,Enemy
193.20000000000002,B0200,N001VE,TRACK,A0200,37.53880740178807,-9.24782376064493,-12250.093767827231,0.5095343111785413,12899.986722561762,Enemy
193.4,A0100,AN/APG-68(V)9,TRACK,B0100,56.61657768205819,0.0,0.0,0.0,0.0,Friendly
193.4,A0200,AN/APG-68(V)9,LOCK,B0100,37.29144134724452,0.0,0.0,0.0,0.0,Friendly
193.4,B0100,N001VE,TRACK,A0200,37.147830991436685,-9.086604928061169,-12121.003547879167,0.4927999435984775,12934.226228615536,Enemy
193.4,B0200,N001VE,TRACK,A0100,56.92936959620852,-17.586530503356514,-10953.963729992618,0.2653122496436017,12421.80438489762,Enemy
193.4,B0200,N001VE,TRACK,A0200,37.53880740178807,-9.24782376064493,-12250.093767827231,0.48830371487943647,12899.986722561762,Enemy
193.60000000000002,A0100,AN/APG-68(V)9,TRACK,B0100,56.66076463570595,0.0,0.0,0.0,0.0,Friendly
193.60000000000002,A0200,AN/APG-68(V)9,LOCK,B0100,37.339923594453026,0.0,0.0,0.0,0.0,Friendly
193.60000000000002,B0100,N001VE,TRACK,A0200,37.147830991436685,-9.086604928061169,-12121.003547879167,0.47137385909419405,12934.226228615536,Enemy
193.60000000000002,B0200,N001VE,TRACK,A0100,56.92936959620852,-17.586530503356514,-10953.963729992618,0.253776934441705,12421.80438489762,Enemy
193.60000000000002,B0200,N001VE,TRACK,A0200,37.53880740178807,-9.24782376064493,-12250.093767827231,0.46707311858032874,12899.986722561762,Enemy
193.8,A0100,AN/APG-68(V)9,TRACK,B0100,56.70506450907041,0.0,0.0,0.0,0.0,Friendly
193.8,A0200,AN/APG-68(V)9,LOCK,B0100,37.38852389819942,0.0,0.0,0.0,0.0,Friendly
193.8,B0100,N001VE,TRACK,A0200,37.38852389819942,-9.198896773873113,-12137.370751529925,0.5539491893234062,12920.49140742993,Enemy
193.8,B0200,N001VE,SEARCH,None,0.0,0.0,0.0,0.0,0.0,Enemy
194.0,A0100,AN/APG-68(V)9,TRACK,B0100,56.74921211545871,0.0,0.0,0.0,0.0,Friendly
194.0,A0200,AN/APG-68(V)9,LOCK,B0100,37.43703465898695,0.0,0.0,0.0,0.0,Friendly
194.0,B0100,N001VE,TRACK,A0200,37.38852389819942,-9.198896773873113,-12137.370751529925,0.5326434512725071,12920.49140742993,Enemy
194.0,B0200,N001VE,SEARCH,None,0.0,0.0,0.0,0.0,0.0,Enemy
194.20000000000002,A0100,AN/APG-68(V)9,TRACK,B0100,56.79281366912066,0.0,0.0,0.0,0.0,Friendly
194.20000000000002,A0200,AN/APG-68(V)9,LOCK,B0100,37.48503484561269,0.0,0.0,0.0,0.0,Friendly
194.20000000000002,B0100,N001VE,TRACK,A0200,37.38852389819942,-9.198896773873113,-12137.370751529925,0.511337713221605,12920.49140742993,Enemy
194.20000000000002,B0200,N001VE,SEARCH,None,0.0,0.0,0.0,0.0,0.0,Enemy
194.4,A0100,AN/APG-68(V)9,TRACK,B0100,56.83569713399204,0.0,0.0,0.0,0.0,Friendly
194.4,A0200,AN/APG-68(V)9,LOCK,B0100,37.53236451130605,0.0,0.0,0.0,0.0,Friendly
194.4,B0100,N001VE,TRACK,A0200,37.38852389819942,-9.198896773873113,-12137.370751529925,0.4900319751707059,12920.49140742993,Enemy
194.4,B0200,N001VE,SEARCH,None,0.0,0.0,0.0,0.0,0.0,Enemy
194.60000000000002,A0100,AN/APG-68(V)9,TRACK,B0100,56.877964117961376,0.0,0.0,0.0,0.0,Friendly
194.60000000000002,A0200,AN/APG-68(V)9,LOCK,B0100,37.5791864935687,0.0,0.0,0.0,0.0,Friendly
194.60000000000002,B0100,N001VE,TRACK,A0200,37.38852389819942,-9.198896773873113,-12137.370751529925,0.4687262371198038,12920.49140742993,Enemy
194.60000000000002,B0200,N001VE,SEARCH,None,0.0,0.0,0.0,0.0,0.0,Enemy
194.8,A0100,AN/APG-68(V)9,TRACK,B0100,56.92019113561208,0.0,0.0,0.0,0.0,Friendly
194.8,A0200,AN/APG-68(V)9,LOCK,B0100,37.62605223689827,0.0,0.0,0.0,0.0,Friendly
194.8,B0100,N001VE,SEARCH,None,0.0,0.0,0.0,0.0,0.0,Enemy
194.8,B0200,N001VE,SEARCH,A0100,57.36613086949174,-17.731759090824784,-10979.191941799745,0.29424029869660673,12403.919550268058,Enemy
195.0,A0100,AN/APG-68(V)9,TRACK,B0100,56.962766225101014,0.0,0.0,0.0,0.0,Friendly
195.0,A0200,AN/APG-68(V)9,LOCK,B0100,37.67330694069762,0.0,0.0,0.0,0.0,Friendly
195.0,B0100,N001VE,SEARCH,None,0.0,0.0,0.0,0.0,0.0,Enemy
195.0,B0200,N001VE,SEARCH,A0100,57.36613086949174,-17.731759090824784,-10979.191941799745,0.2829233641313532,12403.919550268058,Enemy
195.20000000000002,A0100,AN/APG-68(V)9,TRACK,B0100,57.00574344866573,0.0,0.0,0.0,0.0,Friendly
195.20000000000002,A0200,AN/APG-68(V)9,LOCK,B0100,37.72093802738354,0.0,0.0,0.0,0.0,Friendly
195.20000000000002,B0100,N001VE,SEARCH,None,0.0,0.0,0.0,0.0,0.0,Enemy
195.20000000000002,B0200,N001VE,SEARCH,A0100,57.36613086949174,-17.731759090824784,-10979.191941799745,0.27160642956609815,12403.919550268058,Enemy
195.4,A0100,AN/APG-68(V)9,TRACK,B0100,57.0490786077586,0.0,0.0,0.0,0.0,Friendly
195.4,A0200,AN/APG-68(V)9,LOCK,B0100,37.768942187997034,0.0,0.0,0.0,0.0,Friendly
195.4,B0100,N001VE,SEARCH,None,0.0,0.0,0.0,0.0,0.0,Enemy
195.4,B0200,N001VE,SEARCH,A0100,57.36613086949174,-17.731759090824784,-10979.191941799745,0.26028949500084464,12403.919550268058,Enemy
195.60000000000002,A0100,AN/APG-68(V)9,TRACK,B0100,57.09298234757251,0.0,0.0,0.0,0.0,Friendly
195.60000000000002,A0200,AN/APG-68(V)9,LOCK,B0100,37.81758523555626,0.0,0.0,0.0,0.0,Friendly
195.60000000000002,B0100,N001VE,SEARCH,None,0.0,0.0,0.0,0.0,0.0,Enemy
195.60000000000002,B0200,N001VE,SEARCH,A0100,57.36613086949174,-17.731759090824784,-10979.191941799745,0.24897256043558955,12403.919550268058,Enemy
195.8,A0100,AN/APG-68(V)9,TRACK,B0100,57.137405561327895,0.0,0.0,0.0,0.0,Friendly
195.8,A0200,AN/APG-68(V)9,LOCK,B0100,37.866758364694114,0.0,0.0,0.0,0.0,Friendly
195.8,B0100,N001VE,SEARCH,None,0.0,0.0,0.0,0.0,0.0,Enemy
195.8,B0200,N001VE,SEARCH,A0100,57.58419803812772,-17.804399693970883,-11066.662473189821,0.29140542550433907,12395.281262604953,Enemy
196.0,A0100,AN/APG-68(V)9,TRACK,B0100,57.18159995683943,0.0,0.0,0.0,0.0,Friendly
196.0,A0200,AN/APG-68(V)9,LOCK,B0100,37.91573530377584,0.0,0.0,0.0,0.0,Friendly
196.0,B0100,N001VE,SEARCH,None,0.0,0.0,0.0,0.0,0.0,Enemy
196.0,B0200,N001VE,SEARCH,A0100,57.58419803812772,-17.804399693970883,-11066.662473189821,0.2801975245234035,12395.281262604953,Enemy
196.20000000000002,A0100,AN/APG-68(V)9,TRACK,B0100,57.22526402691974,0.0,0.0,0.0,0.0,Friendly
196.20000000000002,A0200,AN/APG-68(V)9,LOCK,B0100,37.96423747232093,0.0,0.0,0.0,0.0,Friendly
196.20000000000002,B0100,N001VE,SEARCH,None,0.0,0.0,0.0,0.0,0.0,Enemy
196.20000000000002,B0200,N001VE,SEARCH,A0100,57.58419803812772,-17.804399693970883,-11066.662473189821,0.2689896235424664,12395.281262604953,Enemy
196.4,A0100,AN/APG-68(V)9,TRACK,B0100,57.268530133043015,0.0,0.0,0.0,0.0,Friendly
196.4,A0200,AN/APG-68(V)9,LOCK,B0100,38.012411824738656,0.0,0.0,0.0,0.0,Friendly
196.4,B0100,N001VE,SEARCH,None,0.0,0.0,0.0,0.0,0.0,Enemy
196.4,B0200,N001VE,SEARCH,A0100,57.58419803812772,-17.804399693970883,-11066.662473189821,0.2577817225615309,12395.281262604953,Enemy
196.60000000000002,A0100,AN/APG-68(V)9,TRACK,B0100,57.311632669917074,0.0,0.0,0.0,0.0,Friendly
196.60000000000002,A0200,AN/APG-68(V)9,LOCK,B0100,38.06038465047473,0.0,0.0,0.0,0.0,Friendly
196.60000000000002,B0100,N001VE,SEARCH,None,0.0,0.0,0.0,0.0,0.0,Enemy
196.60000000000002,B0200,N001VE,SEARCH,A0100,57.58419803812772,-17.804399693970883,-11066.662473189821,0.24657382158059382,12395.281262604953,Enemy
196.8,A0100,AN/APG-68(V)9,TRACK,B0100,57.35490302617962,0.0,0.0,0.0,0.0,Friendly
196.8,A0200,AN/APG-68(V)9,LOCK,B0100,38.10844366880771,0.0,0.0,0.0,0.0,Friendly
196.8,B0100,N001VE,TRACK,A0200,38.10844366880771,-9.531886307267358,-12234.38800937112,0.5445902323054986,12880.202062016195,Enemy
196.8,B0200,N001VE,SEARCH,None,0.0,0.0,0.0,0.0,0.0,Enemy
197.0,A0100,AN/APG-68(V)9,TRACK,B0100,57.39869617848271,0.0,0.0,0.0,0.0,Friendly
197.0,A0200,AN/APG-68(V)9,LOCK,B0100,38.156972096407436,0.0,0.0,0.0,0.0,Friendly
197.0,B0100,N001VE,TRACK,A0200,38.10844366880771,-9.531886307267358,-12234.38800937112,0.5236444541399037,12880.202062016195,Enemy
197.0,B0200,N001VE,SEARCH,None,0.0,0.0,0.0,0.0,0.0,Enemy
197.20000000000002,A0100,AN/APG-68(V)9,TRACK,B0100,57.44252655000995,0.0,0.0,0.0,0.0,Friendly
197.20000000000002,A0200,AN/APG-68(V)9,LOCK,B0100,38.20554440350034,0.0,0.0,0.0,0.0,Friendly
197.20000000000002,B0100,N001VE,TRACK,A0200,38.10844366880771,-9.531886307267358,-12234.38800937112,0.5026986759743057,12880.202062016195,Enemy
197.20000000000002,B0200,N001VE,SEARCH,None,0.0,0.0,0.0,0.0,0.0,Enemy
197.4,A0100,AN/APG-68(V)9,TRACK,B0100,57.48602425660416,0.0,0.0,0.0,0.0,Friendly
197.4,A0200,AN/APG-68(V)9,LOCK,B0100,38.25383239576443,0.0,0.0,0.0,0.0,Friendly
197.4,B0100,N001VE,TRACK,A0200,38.10844366880771,-9.531886307267358,-12234.38800937112,0.4817528978087108,12880.202062016195,Enemy
197.4,B0200,N001VE,SEARCH,None,0.0,0.0,0.0,0.0,0.0,Enemy
197.60000000000002,A0100,AN/APG-68(V)9,TRACK,B0100,57.529329636273864,0.0,0.0,0.0,0.0,Friendly
197.60000000000002,A0200,AN/APG-68(V)9,LOCK,B0100,38.30200017436849,0.0,0.0,0.0,0.0,Friendly
197.60000000000002,B0100,N001VE,TRACK,A0200,38.10844366880771,-9.531886307267358,-12234.38800937112,0.4608071196431129,12880.202062016195,Enemy
197.60000000000002,B0200,N001VE,SEARCH,None,0.0,0.0,0.0,0.0,0.0,Enemy
197.8,A0100,AN/APG-68(V)9,TRACK,B0100,57.572785312753226,0.0,0.0,0.0,0.0,Friendly
197.8,A0200,AN/APG-68(V)9,LOCK,B0100,38.35044927736897,0.0,0.0,0.0,0.0,Friendly
197.8,B0100,N001VE,TRACK,A0200,38.35044927736897,-9.643271671862651,-12277.853844605868,0.5414441593942022,12867.147258683455,Enemy
197.8,B0100,N001VE,TRACK,A0100,57.572785312753226,-17.802132724897643,-11085.044411729643,0.2915537909342074,12396.609144872948,Enemy
197.8,B0200,N001VE,SEARCH,A0100,58.02125267435562,-17.949909721066565,-11130.259721390463,0.28572371523337636,12378.352331435199,Enemy
198.0,A0100,AN/APG-68(V)9,TRACK,B0100,57.6167381412518,0.0,0.0,0.0,0.0,Friendly
198.0,A0200,AN/APG-68(V)9,LOCK,B0100,38.39951587975222,0.0,0.0,0.0,0.0,Friendly
198.0,B0100,N001VE,TRACK,A0200,38.35044927736897,-9.643271671862651,-12277.853844605868,0.5206193840328879,12867.147258683455,Enemy
198.0,B0100,N001VE,TRACK,A0100,57.572785312753226,-17.802132724897643,-11085.044411729643,0.28034018359058466,12396.609144872948,Enemy
198.0,B0200,N001VE,SEARCH,A0100,58.02125267435562,-17.949909721066565,-11130.259721390463,0.27473434157055476,12378.352331435199,Enemy
198.20000000000002,A0100,AN/APG-68(V)9,TRACK,B0100,57.660701210206646,0.0,0.0,0.0,0.0,Friendly
198.20000000000002,A0200,AN/APG-68(V)9,LOCK,B0100,38.448534331027155,0.0,0.0,0.0,0.0,Friendly
198.20000000000002,B0100,N001VE,TRACK,A0200,38.35044927736897,-9.643271671862651,-12277.853844605868,0.4997946086715706,12867.147258683455,Enemy
198.20000000000002,B0100,N001VE,TRACK,A0100,57.572785312753226,-17.802132724897643,-11085.044411729643,0.26912657624696035,12396.609144872948,Enemy
198.20000000000002,B0200,N001VE,SEARCH,A0100,58.02125267435562,-17.949909721066565,-11130.259721390463,0.26374496790773166,12378.352331435199,Enemy
198.4,A0100,AN/APG-68(V)9,TRACK,B0100,57.70436444602089,0.0,0.0,0.0,0.0,Friendly
198.4,A0200,AN/APG-68(V)9,LOCK,B0100,38.49704241688327,0.0,0.0,0.0,0.0,Friendly
198.4,B0100,N001VE,TRACK,A0200,38.35044927736897,-9.643271671862651,-12277.853844605868,0.4789698333102562,12867.147258683455,Enemy
198.4,B0100,N001VE,TRACK,A0100,57.572785312753226,-17.802132724897643,-11085.044411729643,0.25791296890333754,12396.609144872948,Enemy
198.4,B0200,N001VE,SEARCH,A0100,58.02125267435562,-17.949909721066565,-11130.259721390463,0.25275559424491006,12378.352331435199,Enemy
198.60000000000002,A0100,AN/APG-68(V)9,TRACK,B0100,57.74788388478486,0.0,0.0,0.0,0.0,Friendly
198.60000000000002,A0200,AN/APG-68(V)9,LOCK,B0100,38.545184158618994,0.0,0.0,0.0,0.0,Friendly
198.60000000000002,B0100,N001VE,TRACK,A0200,38.35044927736897,-9.643271671862651,-12277.853844605868,0.45814505794893895,12867.147258683455,Enemy
198.60000000000002,B0100,N001VE,TRACK,A0100,57.572785312753226,-17.802132724897643,-11085.044411729643,0.24669936155971323,12396.609144872948,Enemy
198.60000000000002,B0200,N001VE,SEARCH,A0100,58.02125267435562,-17.949909721066565,-11130.259721390463,0.24176622058208694,12378.352331435199,Enemy
198.8,A0100,AN/APG-68(V)9,TRACK,B0100,57.79129415968295,0.0,0.0,0.0,0.0,Friendly
198.8,A0200,AN/APG-68(V)9,LOCK,B0100,38.593110981999196,0.0,0.0,0.0,0.0,Friendly
198.8,B0100,N001VE,SEARCH,None,0.0,0.0,0.0,0.0,0.0,Enemy
198.8,B0200,N001VE,SEARCH,None,0.0,0.0,0.0,0.0,0.0,Enemy
199.0,A0100,AN/APG-68(V)9,TRACK,B0100,57.83449190854006,0.0,0.0,0.0,0.0,Friendly
199.0,A0200,AN/APG-68(V)9,LOCK,B0100,38.64077141832138,0.0,0.0,0.0,0.0,Friendly
199.0,B0100,N001VE,SEARCH,None,0.0,0.0,0.0,0.0,0.0,Enemy
199.0,B0200,N001VE,SEARCH,None,0.0,0.0,0.0,0.0,0.0,Enemy
199.20000000000002,A0100,AN/APG-68(V)9,TRACK,B0100,57.87767879497815,0.0,0.0,0.0,0.0,Friendly
199.20000000000002,A0200,AN/APG-68(V)9,LOCK,B0100,38.6884270608751,0.0,0.0,0.0,0.0,Friendly
199.20000000000002,B0100,N001VE,SEARCH,None,0.0,0.0,0.0,0.0,0.0,Enemy
199.20000000000002,B0200,N001VE,SEARCH,None,0.0,0.0,0.0,0.0,0.0,Enemy
199.4,A0100,AN/APG-68(V)9,TRACK,B0100,57.92106293141119,0.0,0.0,0.0,0.0,Friendly
199.4,A0200,AN/APG-68(V)9,LOCK,B0100,38.736257241744426,0.0,0.0,0.0,0.0,Friendly
199.4,B0100,N001VE,SEARCH,None,0.0,0.0,0.0,0.0,0.0,Enemy
199.4,B0200,N001VE,SEARCH,None,0.0,0.0,0.0,0.0,0.0,Enemy
199.60000000000002,A0100,AN/APG-68(V)9,TRACK,B0100,57.96454273465156,0.0,0.0,0.0,0.0,Friendly
199.60000000000002,A0200,AN/APG-68(V)9,LOCK,B0100,38.78415756591451,0.0,0.0,0.0,0.0,Friendly
199.60000000000002,B0100,N001VE,SEARCH,None,0.0,0.0,0.0,0.0,0.0,Enemy
199.60000000000002,B0200,N001VE,SEARCH,None,0.0,0.0,0.0,0.0,0.0,Enemy
199.8,A0100,AN/APG-68(V)9,TRACK,B0100,58.008187395387175,0.0,0.0,0.0,0.0,Friendly
199.8,A0200,AN/APG-68(V)9,LOCK,B0100,38.83207598500725,0.0,0.0,0.0,0.0,Friendly
199.8,B0100,N001VE,TRACK,A0200,38.83207598500725,-9.862972468316705,-12218.052242836153,0.5351830121949046,12841.210615290147,Enemy
199.8,B0200,N001VE,SEARCH,None,0.0,0.0,0.0,0.0,0.0,Enemy
200.0,A0100,AN/APG-68(V)9,TRACK,B0100,58.052027477629906,0.0,0.0,0.0,0.0,Friendly
200.0,A0200,AN/APG-68(V)9,LOCK,B0100,38.879996982230956,0.0,0.0,0.0,0.0,Friendly
200.0,B0100,N001VE,TRACK,A0200,38.83207598500725,-9.862972468316705,-12218.052242836153,0.5145990501874094,12841.210615290147,Enemy
200.0,B0200,N001VE,SEARCH,None,0.0,0.0,0.0,0.0,0.0,Enemy
200.20000000000002,A0100,AN/APG-68(V)9,TRACK,B0100,58.095946973530516,0.0,0.0,0.0,0.0,Friendly
200.20000000000002,A0200,AN/APG-68(V)9,LOCK,B0100,38.92789761529056,0.0,0.0,0.0,0.0,Friendly
200.20000000000002,B0100,N001VE,TRACK,A0200,38.83207598500725,-9.862972468316705,-12218.052242836153,0.49401508817991124,12841.210615290147,Enemy
200.20000000000002,B0200,N001VE,SEARCH,None,0.0,0.0,0.0,0.0,0.0,Enemy
200.4,A0100,AN/APG-68(V)9,TRACK,B0100,58.13988296932467,0.0,0.0,0.0,0.0,Friendly
200.4,A0200,AN/APG-68(V)9,LOCK,B0100,38.97567464167185,0.0,0.0,0.0,0.0,Friendly
200.4,B0100,N001VE,TRACK,A0200,38.83207598500725,-9.862972468316705,-12218.052242836153,0.473431126172416,12841.210615290147,Enemy
200.4,B0200,N001VE,SEARCH,None,0.0,0.0,0.0,0.0,0.0,Enemy
200.60000000000002,A0100,AN/APG-68(V)9,TRACK,B0100,58.18390658490236,0.0,0.0,0.0,0.0,Friendly
200.60000000000002,A0200,AN/APG-68(V)9,LOCK,B0100,39.02346228070138,0.0,0.0,0.0,0.0,Friendly
200.60000000000002,B0100,N001VE,TRACK,A0200,38.83207598500725,-9.862972468316705,-12218.052242836153,0.4528471641649179,12841.210615290147,Enemy
200.60000000000002,B0200,N001VE,SEARCH,None,0.0,0.0,0.0,0.0,0.0,Enemy
200.8,A0100,AN/APG-68(V)9,TRACK,B0100,58.22817571781659,0.0,0.0,0.0,0.0,Friendly
200.8,A0200,AN/APG-68(V)9,LOCK,B0100,39.07147164803069,0.0,0.0,0.0,0.0,Friendly
200.8,B0100,N001VE,TRACK,A0200,39.07147164803069,-9.971217504888896,-12221.925828177003,0.5320708685755999,12828.341435154156,Enemy
200.8,B0200,N001VE,TRACK,A0200,39.47437602227092,-10.134747169069323,-12334.211184489694,0.526833111710477,12796.839673895727,Enemy
201.0,A0100,AN/APG-68(V)9,TRACK,B0100,58.27269794165647,0.0,0.0,0.0,0.0,Friendly
201.0,A0200,AN/APG-68(V)9,LOCK,B0100,39.11964298768019,0.0,0.0,0.0,0.0,Friendly
201.0,B0100,N001VE,TRACK,A0200,39.07147164803069,-9.971217504888896,-12221.925828177003,0.5116066043996164,12828.341435154156,Enemy
201.0,B0200,N001VE,TRACK,A0200,39.47437602227092,-10.134747169069323,-12334.211184489694,0.5065702997216135,12796.839673895727,Enemy
201.20000000000002,A0100,AN/APG-68(V)9,TRACK,B0100,58.31744071279052,0.0,0.0,0.0,0.0,Friendly
201.20000000000002,A0200,AN/APG-68(V)9,LOCK,B0100,39.167985111007354,0.0,0.0,0.0,0.0,Friendly
201.20000000000002,B0100,N001VE,TRACK,A0200,39.07147164803069,-9.971217504888896,-12221.925828177003,0.49114234022362996,12828.341435154156,Enemy
201.20000000000002,B0200,N001VE,TRACK,A0200,39.47437602227092,-10.134747169069323,-12334.211184489694,0.48630748773274723,12796.839673895727,Enemy
201.4,A0100,AN/APG-68(V)9,TRACK,B0100,58.36228395624341,0.0,0.0,0.0,0.0,Friendly
201.4,A0200,AN/APG-68(V)9,LOCK,B0100,39.21638246835417,0.0,0.0,0.0,0.0,Friendly
201.4,B0100,N001VE,TRACK,A0200,39.07147164803069,-9.971217504888896,-12221.925828177003,0.47067807604764644,12828.341435154156,Enemy
201.4,B0200,N001VE,TRACK,A0200,39.47437602227092,-10.134747169069323,-12334.211184489694,0.4660446757438838,12796.839673895727,Enemy
201.60000000000002,A0100,AN/APG-68(V)9,TRACK,B0100,58.40714141215374,0.0,0.0,0.0,0.0,Friendly
201.60000000000002,A0200,AN/APG-68(V)9,LOCK,B0100,39.264717397717476,0.0,0.0,0.0,0.0,Friendly
201.60000000000002,B0100,N001VE,TRACK,A0200,39.07147164803069,-9.971217504888896,-12221.925828177003,0.4502138118716601,12828.341435154156,Enemy
201.60000000000002,B0200,N001VE,TRACK,A0200,39.47437602227092,-10.134747169069323,-12334.211184489694,0.44578186375501755,12796.839673895727,Enemy
201.8,A0100,AN/APG-68(V)9,TRACK,B0100,58.45208890276542,0.0,0.0,0.0,0.0,Friendly
201.8,A0200,AN/APG-68(V)9,LOCK,B0100,39.313226162958365,0.0,0.0,0.0,0.0,Friendly
201.8,B0100,N001VE,SEARCH,None,0.0,0.0,0.0,0.0,0.0,Enemy
201.8,B0200,N001VE,SEARCH,None,0.0,0.0,0.0,0.0,0.0,Enemy
202.0,A0100,AN/APG-68(V)9,TRACK,B0100,58.49710407818032,0.0,0.0,0.0,0.0,Friendly
202.0,A0200,AN/APG-68(V)9,LOCK,B0100,39.36191873321328,0.0,0.0,0.0,0.0,Friendly
202.0,B0100,N001VE,SEARCH,None,0.0,0.0,0.0,0.0,0.0,Enemy
202.0,B0200,N001VE,SEARCH,None,0.0,0.0,0.0,0.0,0.0,Enemy
202.20000000000002,A0100,AN/APG-68(V)9,TRACK,B0100,58.542110789026076,0.0,0.0,0.0,0.0,Friendly
202.20000000000002,A0200,AN/APG-68(V)9,LOCK,B0100,39.41062138101775,0.0,0.0,0.0,0.0,Friendly
202.20000000000002,B0100,N001VE,SEARCH,None,0.0,0.0,0.0,0.0,0.0,Enemy
202.20000000000002,B0200,N001VE,SEARCH,None,0.0,0.0,0.0,0.0,0.0,Enemy
202.4,A0100,AN/APG-68(V)9,TRACK,B0100,58.587076389650775,0.0,0.0,0.0,0.0,Friendly
202.4,A0200,AN/APG-68(V)9,LOCK,B0100,39.459319905653736,0.0,0.0,0.0,0.0,Friendly
202.4,B0100,N001VE,SEARCH,None,0.0,0.0,0.0,0.0,0.0,Enemy
202.4,B0200,N001VE,SEARCH,None,0.0,0.0,0.0,0.0,0.0,Enemy
202.60000000000002,A0100,AN/APG-68(V)9,TRACK,B0100,58.63220130257022,0.0,0.0,0.0,0.0,Friendly
202.60000000000002,A0200,AN/APG-68(V)9,LOCK,B0100,39.50822852490264,0.0,0.0,0.0,0.0,Friendly
202.60000000000002,B0100,N001VE,SEARCH,None,0.0,0.0,0.0,0.0,0.0,Enemy
202.60000000000002,B0200,N001VE,SEARCH,None,0.0,0.0,0.0,0.0,0.0,Enemy
202.8,A0100,AN/APG-68(V)9,TRACK,B0100,58.677489649477586,0.0,0.0,0.0,0.0,Friendly
202.8,A0200,AN/APG-68(V)9,LOCK,B0100,39.55732155759001,0.0,0.0,0.0,0.0,Friendly
202.8,B0100,N001VE,TRACK,A0200,39.55732155759001,-10.189882894376908,-12242.579428687703,0.5257548197513287,12802.785266180355,Enemy
202.8,B0200,N001VE,SEARCH,None,0.0,0.0,0.0,0.0,0.0,Enemy
203.0,A0100,AN/APG-68(V)9,TRACK,B0100,58.72277843526492,0.0,0.0,0.0,0.0,Friendly
203.0,A0200,AN/APG-68(V)9,LOCK,B0100,39.60637840148824,0.0,0.0,0.0,0.0,Friendly
203.0,B0100,N001VE,TRACK,A0200,39.55732155759001,-10.189882894376908,-12242.579428687703,0.5055334805301248,12802.785266180355,Enemy
203.0,B0200,N001VE,SEARCH,None,0.0,0.0,0.0,0.0,0.0,Enemy
203.20000000000002,A0100,AN/APG-68(V)9,TRACK,B0100,58.767969068471466,0.0,0.0,0.0,0.0,Friendly
203.20000000000002,A0200,AN/APG-68(V)9,LOCK,B0100,39.65522129806396,0.0,0.0,0.0,0.0,Friendly
203.20000000000002,B0100,N001VE,TRACK,A0200,39.55732155759001,-10.189882894376908,-12242.579428687703,0.48531214130891814,12802.785266180355,Enemy
203.20000000000002,B0200,N001VE,SEARCH,None,0.0,0.0,0.0,0.0,0.0,Enemy
203.4,A0100,AN/APG-68(V)9,TRACK,B0100,58.81320346318484,0.0,0.0,0.0,0.0,Friendly
203.4,A0200,AN/APG-68(V)9,LOCK,B0100,39.70401731506537,0.0,0.0,0.0,0.0,Friendly
203.4,B0100,N001VE,TRACK,A0200,39.55732155759001,-10.189882894376908,-12242.579428687703,0.46509080208771425,12802.785266180355,Enemy
203.4,B0200,N001VE,SEARCH,None,0.0,0.0,0.0,0.0,0.0,Enemy
203.60000000000002,A0100,AN/APG-68(V)9,TRACK,B0100,58.85869177812654,0.0,0.0,0.0,0.0,Friendly
203.60000000000002,A0200,AN/APG-68(V)9,LOCK,B0100,39.75305845876385,0.0,0.0,0.0,0.0,Friendly
203.60000000000002,B0100,N001VE,TRACK,A0200,39.55732155759001,-10.189882894376908,-12242.579428687703,0.4448694628665075,12802.785266180355,Enemy
203.60000000000002,B0200,N001VE,SEARCH,None,0.0,0.0,0.0,0.0,0.0,Enemy
203.8,A0100,AN/APG-68(V)9,TRACK,B0100,58.904418166246636,0.0,0.0,0.0,0.0,Friendly
203.8,A0200,AN/APG-68(V)9,LOCK,B0100,39.80228004912916,0.0,0.0,0.0,0.0,Friendly
203.8,B0100,N001VE,SEARCH,None,0.0,0.0,0.0,0.0,0.0,Enemy
203.8,B0200,N001VE,TRACK,A0200,40.20861593301114,-10.463293475661697,-12374.916419830586,0.5172879928708541,12759.579257890242,Enemy
204.0,A0100,AN/APG-68(V)9,TRACK,B0100,58.95025504574651,0.0,0.0,0.0,0.0,Friendly
204.0,A0200,AN/APG-68(V)9,LOCK,B0100,39.851545793138925,0.0,0.0,0.0,0.0,Friendly
204.0,B0100,N001VE,SEARCH,None,0.0,0.0,0.0,0.0,0.0,Enemy
204.0,B0200,N001VE,TRACK,A0200,40.20861593301114,-10.463293475661697,-12374.916419830586,0.49739230083736075,12759.579257890242,Enemy
204.20000000000002,A0100,AN/APG-68(V)9,TRACK,B0100,58.99608717405623,0.0,0.0,0.0,0.0,Friendly
204.20000000000002,A0200,AN/APG-68(V)9,LOCK,B0100,39.90072842329083,0.0,0.0,0.0,0.0,Friendly
204.20000000000002,B0100,N001VE,SEARCH,None,0.0,0.0,0.0,0.0,0.0,Enemy
204.20000000000002,B0200,N001VE,TRACK,A0200,40.20861593301114,-10.463293475661697,-12374.916419830586,0.47749660880386463,12759.579257890242,Enemy
204.4,A0100,AN/APG-68(V)9,TRACK,B0100,59.04194519595646,0.0,0.0,0.0,0.0,Friendly
204.4,A0200,AN/APG-68(V)9,LOCK,B0100,39.949931818061884,0.0,0.0,0.0,0.0,Friendly
204.4,B0100,N001VE,SEARCH,None,0.0,0.0,0.0,0.0,0.0,Enemy
204.4,B0200,N001VE,TRACK,A0200,40.20861593301114,-10.463293475661697,-12374.916419830586,0.4576009167703713,12759.579257890242,Enemy
204.60000000000002,A0100,AN/APG-68(V)9,TRACK,B0100,59.08784260481759,0.0,0.0,0.0,0.0,Friendly
204.60000000000002,A0200,AN/APG-68(V)9,LOCK,B0100,39.9992402713811,0.0,0.0,0.0,0.0,Friendly
204.60000000000002,B0100,N001VE,SEARCH,None,0.0,0.0,0.0,0.0,0.0,Enemy
204.60000000000002,B0200,N001VE,TRACK,A0200,40.20861593301114,-10.463293475661697,-12374.916419830586,0.4377052247368752,12759.579257890242,Enemy
204.8,A0100,AN/APG-68(V)9,TRACK,B0100,59.13371013987851,0.0,0.0,0.0,0.0,Friendly
204.8,A0200,AN/APG-68(V)9,LOCK,B0100,40.048505604322656,0.0,0.0,0.0,0.0,Friendly
204.8,B0100,N001VE,SEARCH,None,0.0,0.0,0.0,0.0,0.0,Enemy
204.8,B0200,N001VE,SEARCH,A0100,59.586190044714996,-18.467368401514964,-11202.617801793185,0.2653795294187045,12320.268325134586,Enemy
205.0,A0100,AN/APG-68(V)9,TRACK,B0100,59.17938966524583,0.0,0.0,0.0,0.0,Friendly
205.0,A0200,AN/APG-68(V)9,LOCK,B0100,40.0976194480499,0.0,0.0,0.0,0.0,Friendly
205.0,B0100,N001VE,SEARCH,None,0.0,0.0,0.0,0.0,0.0,Enemy
205.0,B0200,N001VE,SEARCH,A0100,59.586190044714996,-18.467368401514964,-11202.617801793185,0.2551726244410626,12320.268325134586,Enemy
205.20000000000002,A0100,AN/APG-68(V)9,TRACK,B0100,59.22501851257527,0.0,0.0,0.0,0.0,Friendly
205.20000000000002,A0200,AN/APG-68(V)9,LOCK,B0100,40.146756234018106,0.0,0.0,0.0,0.0,Friendly
205.20000000000002,B0100,N001VE,SEARCH,None,0.0,0.0,0.0,0.0,0.0,Enemy
205.20000000000002,B0200,N001VE,SEARCH,A0100,59.586190044714996,-18.467368401514964,-11202.617801793185,0.24496571946341922,12320.268325134586,Enemy
205.4,A0100,AN/APG-68(V)9,TRACK,B0100,59.270893582475836,0.0,0.0,0.0,0.0,Friendly
205.4,A0200,AN/APG-68(V)9,LOCK,B0100,40.1961486050219,0.0,0.0,0.0,0.0,Friendly
205.4,B0100,N001VE,SEARCH,None,0.0,0.0,0.0,0.0,0.0,Enemy
205.4,B0200,N001VE,SEARCH,A0100,59.586190044714996,-18.467368401514964,-11202.617801793185,0.2347588144857773,12320.268325134586,Enemy
205.60000000000002,A0100,AN/APG-68(V)9,TRACK,B0100,59.316986779338144,0.0,0.0,0.0,0.0,Friendly
205.60000000000002,A0200,AN/APG-68(V)9,LOCK,B0100,40.24567662931133,0.0,0.0,0.0,0.0,Friendly
205.60000000000002,B0100,N001VE,SEARCH,None,0.0,0.0,0.0,0.0,0.0,Enemy
205.60000000000002,B0200,N001VE,SEARCH,A0100,59.586190044714996,-18.467368401514964,-11202.617801793185,0.22455190950813392,12320.268325134586,Enemy
205.8,A0100,AN/APG-68(V)9,TRACK,B0100,59.363123882694396,0.0,0.0,0.0,0.0,Friendly
205.8,A0200,AN/APG-68(V)9,LOCK,B0100,40.29522589038831,0.0,0.0,0.0,0.0,Friendly
205.8,B0100,N001VE,TRACK,A0200,40.29522589038831,-10.519677642855608,-12250.730928942576,0.5161620634249509,12765.506129899282,Enemy
205.8,B0200,N001VE,SEARCH,None,0.0,0.0,0.0,0.0,0.0,Enemy
206.0,A0100,AN/APG-68(V)9,TRACK,B0100,59.40926173102467,0.0,0.0,0.0,0.0,Friendly
206.0,A0200,AN/APG-68(V)9,LOCK,B0100,40.34471752763986,0.0,0.0,0.0,0.0,Friendly
206.0,B0100,N001VE,TRACK,A0200,40.29522589038831,-10.519677642855608,-12250.730928942576,0.4963096763701461,12765.506129899282,Enemy
206.0,B0200,N001VE,SEARCH,None,0.0,0.0,0.0,0.0,0.0,Enemy
206.20000000000002,A0100,AN/APG-68(V)9,TRACK,B0100,59.45551973934951,0.0,0.0,0.0,0.0,Friendly
206.20000000000002,A0200,AN/APG-68(V)9,LOCK,B0100,40.39434759843189,0.0,0.0,0.0,0.0,Friendly
206.20000000000002,B0100,N001VE,TRACK,A0200,40.29522589038831,-10.519677642855608,-12250.730928942576,0.4764572893153386,12765.506129899282,Enemy
206.20000000000002,B0200,N001VE,SEARCH,None,0.0,0.0,0.0,0.0,0.0,Enemy
206.4,A0100,AN/APG-68(V)9,TRACK,B0100,59.50203994233477,0.0,0.0,0.0,0.0,Friendly
206.4,A0200,AN/APG-68(V)9,LOCK,B0100,40.444372711103206,0.0,0.0,0.0,0.0,Friendly
206.4,B0100,N001VE,TRACK,A0200,40.29522589038831,-10.519677642855608,-12250.730928942576,0.45660490226053385,12765.506129899282,Enemy
206.4,B0200,N001VE,SEARCH,None,0.0,0.0,0.0,0.0,0.0,Enemy
206.60000000000002,A0100,AN/APG-68(V)9,TRACK,B0100,59.54881244146537,0.0,0.0,0.0,0.0,Friendly
206.60000000000002,A0200,AN/APG-68(V)9,LOCK,B0100,40.49460786684223,0.0,0.0,0.0,0.0,Friendly
206.60000000000002,B0100,N001VE,TRACK,A0200,40.29522589038831,-10.519677642855608,-12250.730928942576,0.43675251520572633,12765.506129899282,Enemy
206.60000000000002,B0200,N001VE,SEARCH,None,0.0,0.0,0.0,0.0,0.0,Enemy
206.8,A0100,AN/APG-68(V)9,TRACK,B0100,59.59572636998794,0.0,0.0,0.0,0.0,Friendly
206.8,A0200,AN/APG-68(V)9,LOCK,B0100,40.54482734609312,0.0,0.0,0.0,0.0,Friendly
206.8,B0100,N001VE,TRACK,A0200,40.54482734609312,-10.631065081607417,-12224.142710962791,0.5129172445007883,12753.561602361178,Enemy
206.8,B0200,N001VE,SEARCH,None,0.0,0.0,0.0,0.0,0.0,Enemy
207.0,A0100,AN/APG-68(V)9,TRACK,B0100,59.64262784063811,0.0,0.0,0.0,0.0,Friendly
207.0,A0200,AN/APG-68(V)9,LOCK,B0100,40.594881363170934,0.0,0.0,0.0,0.0,Friendly
207.0,B0100,N001VE,TRACK,A0200,40.54482734609312,-10.631065081607417,-12224.142710962791,0.493189658173836,12753.561602361178,Enemy
207.0,B0200,N001VE,SEARCH,None,0.0,0.0,0.0,0.0,0.0,Enemy
207.20000000000002,A0100,AN/APG-68(V)9,TRACK,B0100,59.68925310147182,0.0,0.0,0.0,0.0,Friendly
207.20000000000002,A0200,AN/APG-68(V)9,LOCK,B0100,40.64460812068308,0.0,0.0,0.0,0.0,Friendly
207.20000000000002,B0100,N001VE,TRACK,A0200,40.54482734609312,-10.631065081607417,-12224.142710962791,0.4734620718468809,12753.561602361178,Enemy
207.20000000000002,B0200,N001VE,SEARCH,None,0.0,0.0,0.0,0.0,0.0,Enemy
207.4,A0100,AN/APG-68(V)9,TRACK,B0100,59.73556328814024,0.0,0.0,0.0,0.0,Friendly
207.4,A0200,AN/APG-68(V)9,LOCK,B0100,40.694071547803574,0.0,0.0,0.0,0.0,Friendly
207.4,B0100,N001VE,TRACK,A0200,40.54482734609312,-10.631065081607417,-12224.142710962791,0.4537344855199285,12753.561602361178,Enemy
207.4,B0200,N001VE,SEARCH,None,0.0,0.0,0.0,0.0,0.0,Enemy
207.60000000000002,A0100,AN/APG-68(V)9,TRACK,B0100,59.781717870111564,0.0,0.0,0.0,0.0,Friendly
207.60000000000002,A0200,AN/APG-68(V)9,LOCK,B0100,40.74345023369311,0.0,0.0,0.0,0.0,Friendly
207.60000000000002,B0100,N001VE,TRACK,A0200,40.54482734609312,-10.631065081607417,-12224.142710962791,0.4340068991929734,12753.561602361178,Enemy
207.60000000000002,B0200,N001VE,SEARCH,None,0.0,0.0,0.0,0.0,0.0,Enemy
207.8,A0100,AN/APG-68(V)9,TRACK,B0100,59.82772079868741,0.0,0.0,0.0,0.0,Friendly
207.8,A0200,AN/APG-68(V)9,LOCK,B0100,40.79267027236952,0.0,0.0,0.0,0.0,Friendly
207.8,B0100,N001VE,SEARCH,None,0.0,0.0,0.0,0.0,0.0,Enemy
207.8,B0200,N001VE,SEARCH,None,0.0,0.0,0.0,0.0,0.0,Enemy
208.0,A0100,AN/APG-68(V)9,TRACK,B0100,59.87328784225448,0.0,0.0,0.0,0.0,Friendly
208.0,A0200,AN/APG-68(V)9,LOCK,B0100,40.84151058858866,0.0,0.0,0.0,0.0,Friendly
208.0,B0100,N001VE,SEARCH,None,0.0,0.0,0.0,0.0,0.0,Enemy
208.0,B0200,N001VE,SEARCH,None,0.0,0.0,0.0,0.0,0.0,Enemy
208.20000000000002,A0100,AN/APG-68(V)9,TRACK,B0100,59.91841602652483,0.0,0.0,0.0,0.0,Friendly
208.20000000000002,A0200,AN/APG-68(V)9,LOCK,B0100,40.889926485022606,0.0,0.0,0.0,0.0,Friendly
208.20000000000002,B0100,N001VE,SEARCH,None,0.0,0.0,0.0,0.0,0.0,Enemy
208.20000000000002,B0200,N001VE,SEARCH,None,0.0,0.0,0.0,0.0,0.0,Enemy
208.4,A0100,AN/APG-68(V)9,TRACK,B0100,59.9632766321489,0.0,0.0,0.0,0.0,Friendly
208.4,A0200,AN/APG-68(V)9,LOCK,B0100,40.93793007331426,0.0,0.0,0.0,0.0,Friendly
208.4,B0100,N001VE,SEARCH,None,0.0,0.0,0.0,0.0,0.0,Enemy
208.4,B0200,N001VE,SEARCH,None,0.0,0.0,0.0,0.0,0.0,Enemy
208.60000000000002,A0100,AN/APG-68(V)9,TRACK,B0100,60.00800856877232,0.0,0.0,0.0,0.0,Friendly
208.60000000000002,A0200,AN/APG-68(V)9,LOCK,B0100,40.98575632730768,0.0,0.0,0.0,0.0,Friendly
208.60000000000002,B0100,N001VE,SEARCH,None,0.0,0.0,0.0,0.0,0.0,Enemy
208.60000000000002,B0200,N001VE,SEARCH,None,0.0,0.0,0.0,0.0,0.0,Enemy
208.8,A0100,AN/APG-68(V)9,TRACK,B0100,60.052816818825164,0.0,0.0,0.0,0.0,Friendly
208.8,A0200,AN/APG-68(V)9,LOCK,B0100,41.03362746580694,0.0,0.0,0.0,0.0,Friendly
208.8,B0100,N001VE,SEARCH,None,0.0,0.0,0.0,0.0,0.0,Enemy
208.8,B0200,N001VE,SEARCH,None,0.0,0.0,0.0,0.0,0.0,Enemy
209.0,A0100,AN/APG-68(V)9,TRACK,B0100,60.09779200743196,0.0,0.0,0.0,0.0,Friendly
209.0,A0200,AN/APG-68(V)9,LOCK,B0100,41.081525854003374,0.0,0.0,0.0,0.0,Friendly
209.0,B0100,N001VE,SEARCH,None,0.0,0.0,0.0,0.0,0.0,Enemy
209.0,B0200,N001VE,SEARCH,None,0.0,0.0,0.0,0.0,0.0,Enemy
209.20000000000002,A0100,AN/APG-68(V)9,TRACK,B0100,60.14242383130471,0.0,0.0,0.0,0.0,Friendly
209.20000000000002,A0200,AN/APG-68(V)9,LOCK,B0100,41.129120162986524,0.0,0.0,0.0,0.0,Friendly
209.20000000000002,B0100,N001VE,SEARCH,None,0.0,0.0,0.0,0.0,0.0,Enemy
209.20000000000002,B0200,N001VE,SEARCH,None,0.0,0.0,0.0,0.0,0.0,Enemy
209.4,A0100,AN/APG-68(V)9,TRACK,B0100,60.18656293031983,0.0,0.0,0.0,0.0,Friendly
209.4,A0200,AN/APG-68(V)9,LOCK,B0100,41.176376948859854,0.0,0.0,0.0,0.0,Friendly
209.4,B0100,N001VE,SEARCH,None,0.0,0.0,0.0,0.0,0.0,Enemy
209.4,B0200,N001VE,SEARCH,None,0.0,0.0,0.0,0.0,0.0,Enemy
209.60000000000002,A0100,AN/APG-68(V)9,TRACK,B0100,60.23046154386901,0.0,0.0,0.0,0.0,Friendly
209.60000000000002,A0200,AN/APG-68(V)9,LOCK,B0100,41.22343563537468,0.0,0.0,0.0,0.0,Friendly
209.60000000000002,B0100,N001VE,SEARCH,None,0.0,0.0,0.0,0.0,0.0,Enemy
209.60000000000002,B0200,N001VE,SEARCH,None,0.0,0.0,0.0,0.0,0.0,Enemy
209.8,A0100,AN/APG-68(V)9,TRACK,B0100,60.2744009547886,0.0,0.0,0.0,0.0,Friendly
209.8,A0200,AN/APG-68(V)9,LOCK,B0100,41.27048491252458,0.0,0.0,0.0,0.0,Friendly
209.8,B0100,N001VE,TRACK,A0200,41.27048491252458,-10.950132759146406,-12205.746881863432,0.5034836961371794,12718.231459436409,Enemy
209.8,B0200,N001VE,SEARCH,None,0.0,0.0,0.0,0.0,0.0,Enemy
210.0,A0100,AN/APG-68(V)9,TRACK,B0100,60.31841089644787,0.0,0.0,0.0,0.0,Friendly
210.0,A0200,AN/APG-68(V)9,LOCK,B0100,41.317642720034144,0.0,0.0,0.0,0.0,Friendly
210.0,B0100,N001VE,TRACK,A0200,41.27048491252458,-10.950132759146406,-12205.746881863432,0.4841189385934427,12718.231459436409,Enemy
210.0,B0200,N001VE,SEARCH,None,0.0,0.0,0.0,0.0,0.0,Enemy
210.20000000000002,A0100,AN/APG-68(V)9,TRACK,B0100,60.36254739746342,0.0,0.0,0.0,0.0,Friendly
210.20000000000002,A0200,AN/APG-68(V)9,LOCK,B0100,41.36501308766309,0.0,0.0,0.0,0.0,Friendly
210.20000000000002,B0100,N001VE,TRACK,A0200,41.27048491252458,-10.950132759146406,-12205.746881863432,0.46475418104970334,12718.231459436409,Enemy
210.20000000000002,B0200,N001VE,SEARCH,None,0.0,0.0,0.0,0.0,0.0,Enemy
210.4,A0100,AN/APG-68(V)9,TRACK,B0100,60.407208920874034,0.0,0.0,0.0,0.0,Friendly
210.4,A0200,AN/APG-68(V)9,LOCK,B0100,41.41289871676816,0.0,0.0,0.0,0.0,Friendly
210.4,B0100,N001VE,TRACK,A0200,41.27048491252458,-10.950132759146406,-12205.746881863432,0.4453894235059667,12718.231459436409,Enemy
210.4,B0200,N001VE,SEARCH,None,0.0,0.0,0.0,0.0,0.0,Enemy
210.60000000000002,A0100,AN/APG-68(V)9,TRACK,B0100,60.45236275361388,0.0,0.0,0.0,0.0,Friendly
210.60000000000002,A0200,AN/APG-68(V)9,LOCK,B0100,41.46134160485788,0.0,0.0,0.0,0.0,Friendly
210.60000000000002,B0100,N001VE,TRACK,A0200,41.27048491252458,-10.950132759146406,-12205.746881863432,0.4260246659622274,12718.231459436409,Enemy
210.60000000000002,B0200,N001VE,SEARCH,None,0.0,0.0,0.0,0.0,0.0,Enemy
210.8,A0100,AN/APG-68(V)9,TRACK,B0100,60.49770628846665,0.0,0.0,0.0,0.0,Friendly
210.8,A0200,AN/APG-68(V)9,LOCK,B0100,41.51018176342859,0.0,0.0,0.0,0.0,Friendly
210.8,B0100,N001VE,TRACK,A0200,41.51018176342859,-11.054231458219121,-12279.264037386498,0.5003676370754273,12706.500996444134,Enemy
210.8,B0100,N001VE,TRACK,A0100,60.49770628846665,-18.769391788561716,-11117.190604850392,0.25352981824993304,12289.981830471226,Enemy
210.8,B0200,N001VE,SEARCH,None,0.0,0.0,0.0,0.0,0.0,Enemy
211.0,A0100,AN/APG-68(V)9,TRACK,B0100,60.54282550854127,0.0,0.0,0.0,0.0,Friendly
211.0,A0200,AN/APG-68(V)9,LOCK,B0100,41.55891571040882,0.0,0.0,0.0,0.0,Friendly
211.0,B0100,N001VE,TRACK,A0200,41.51018176342859,-11.054231458219121,-12279.264037386498,0.4811227279571426,12706.500996444134,Enemy
211.0,B0100,N001VE,TRACK,A0100,60.49770628846665,-18.769391788561716,-11117.190604850392,0.24377867139416687,12289.981830471226,Enemy
211.0,B0200,N001VE,SEARCH,None,0.0,0.0,0.0,0.0,0.0,Enemy
211.20000000000002,A0100,AN/APG-68(V)9,TRACK,B0100,60.58767530251572,0.0,0.0,0.0,0.0,Friendly
211.20000000000002,A0200,AN/APG-68(V)9,LOCK,B0100,41.60734257080129,0.0,0.0,0.0,0.0,Friendly
211.20000000000002,B0100,N001VE,TRACK,A0200,41.51018176342859,-11.054231458219121,-12279.264037386498,0.4618778188388553,12706.500996444134,Enemy
211.20000000000002,B0100,N001VE,TRACK,A0100,60.49770628846665,-18.769391788561716,-11117.190604850392,0.23402752453839937,12289.981830471226,Enemy
211.20000000000002,B0200,N001VE,SEARCH,None,0.0,0.0,0.0,0.0,0.0,Enemy
211.4,A0100,AN/APG-68(V)9,TRACK,B0100,60.63241880666377,0.0,0.0,0.0,0.0,Friendly
211.4,A0200,AN/APG-68(V)9,LOCK,B0100,41.65567266373696,0.0,0.0,0.0,0.0,Friendly
211.4,B0100,N001VE,TRACK,A0200,41.51018176342859,-11.054231458219121,-12279.264037386498,0.4426329097205706,12706.500996444134,Enemy
211.4,B0100,N001VE,TRACK,A0100,60.49770628846665,-18.769391788561716,-11117.190604850392,0.22427637768263323,12289.981830471226,Enemy
211.4,B0200,N001VE,SEARCH,None,0.0,0.0,0.0,0.0,0.0,Enemy
211.60000000000002,A0100,AN/APG-68(V)9,TRACK,B0100,60.67728346891817,0.0,0.0,0.0,0.0,Friendly
211.60000000000002,A0200,AN/APG-68(V)9,LOCK,B0100,41.70421099670179,0.0,0.0,0.0,0.0,Friendly
211.60000000000002,B0100,N001VE,TRACK,A0200,41.51018176342859,-11.054231458219121,-12279.264037386498,0.4233880006022833,12706.500996444134,Enemy
211.60000000000002,B0100,N001VE,TRACK,A0100,60.49770628846665,-18.769391788561716,-11117.190604850392,0.21452523082686573,12289.981830471226,Enemy
211.60000000000002,B0200,N001VE,SEARCH,None,0.0,0.0,0.0,0.0,0.0,Enemy
211.8,A0100,AN/APG-68(V)9,TRACK,B0100,60.72253014707889,0.0,0.0,0.0,0.0,Friendly
211.8,A0200,AN/APG-68(V)9,LOCK,B0100,41.75329832891146,0.0,0.0,0.0,0.0,Friendly
211.8,B0100,N001VE,TRACK,A0200,41.75329832891146,-11.159465276483829,-12330.47361689079,0.4972071217241499,12694.741623279157,Enemy
211.8,B0200,N001VE,TRACK,A0100,61.179299332169016,-18.98931172256617,-11114.716646749752,0.24466910868180233,12265.423163844293,Enemy
211.8,B0200,N001VE,TRACK,A0200,42.16831845326544,-11.323305990843174,-12424.440009173746,0.49181186010754824,12666.391055200507,Enemy
212.0,A0100,AN/APG-68(V)9,TRACK,B0100,60.767949141332856,0.0,0.0,0.0,0.0,Friendly
212.0,A0200,AN/APG-68(V)9,LOCK,B0100,41.802711165252845,0.0,0.0,0.0,0.0,Friendly
212.0,B0100,N001VE,TRACK,A0200,41.75329832891146,-11.159465276483829,-12330.47361689079,0.47808377088860665,12694.741623279157,Enemy
212.0,B0200,N001VE,TRACK,A0100,61.179299332169016,-18.98931172256617,-11114.716646749752,0.23525875834788734,12265.423163844293,Enemy
212.0,B0200,N001VE,TRACK,A0200,42.16831845326544,-11.323305990843174,-12424.440009173746,0.472896019334182,12666.391055200507,Enemy
212.20000000000002,A0100,AN/APG-68(V)9,TRACK,B0100,60.812982544786635,0.0,0.0,0.0,0.0,Friendly
212.20000000000002,A0200,AN/APG-68(V)9,LOCK,B0100,41.8518342546811,0.0,0.0,0.0,0.0,Friendly
212.20000000000002,B0100,N001VE,TRACK,A0200,41.75329832891146,-11.159465276483829,-12330.47361689079,0.45896042005306076,12694.741623279157,Enemy
212.20000000000002,B0200,N001VE,TRACK,A0100,61.179299332169016,-18.98931172256617,-11114.716646749752,0.22584840801397105,12265.423163844293,Enemy
212.20000000000002,B0200,N001VE,TRACK,A0200,42.16831845326544,-11.323305990843174,-12424.440009173746,0.45398017856081313,12666.391055200507,Enemy
212.4,A0100,AN/APG-68(V)9,TRACK,B0100,60.85744771892047,0.0,0.0,0.0,0.0,Friendly
212.4,A0200,AN/APG-68(V)9,LOCK,B0100,41.90054129907146,0.0,0.0,0.0,0.0,Friendly
212.4,B0100,N001VE,TRACK,A0200,41.75329832891146,-11.159465276483829,-12330.47361689079,0.43983706921751753,12694.741623279157,Enemy
212.4,B0200,N001VE,TRACK,A0100,61.179299332169016,-18.98931172256617,-11114.716646749752,0.21643805768005608,12265.423163844293,Enemy
212.4,B0200,N001VE,TRACK,A0200,42.16831845326544,-11.323305990843174,-12424.440009173746,0.4350643377874469,12666.391055200507,Enemy
212.60000000000002,A0100,AN/APG-68(V)9,TRACK,B0100,60.90153869655499,0.0,0.0,0.0,0.0,Friendly
212.60000000000002,A0200,AN/APG-68(V)9,LOCK,B0100,41.94897915802384,0.0,0.0,0.0,0.0,Friendly
212.60000000000002,B0100,N001VE,TRACK,A0200,41.75329832891146,-11.159465276483829,-12330.47361689079,0.4207137183819717,12694.741623279157,Enemy
212.60000000000002,B0200,N001VE,TRACK,A0200,42.16831845326544,-11.323305990843174,-12424.440009173746,0.416148497014078,12666.391055200507,Enemy
212.8,A0100,AN/APG-68(V)9,TRACK,B0100,60.94564499045456,0.0,0.0,0.0,0.0,Friendly
212.8,A0200,AN/APG-68(V)9,LOCK,B0100,41.99742375731868,0.0,0.0,0.0,0.0,Friendly
212.8,B0100,N001VE,SEARCH,A0100,60.94564499045456,-18.91447712566999,-11160.2792949228,0.24770661512409023,12274.019643904829,Enemy
212.8,B0200,N001VE,TRACK,A0200,42.41655622537575,-11.430236244030176,-12428.910249675237,0.4885847690701142,12655.01301606309,Enemy
213.0,A0100,AN/APG-68(V)9,TRACK,B0100,60.98993865287966,0.0,0.0,0.0,0.0,Friendly
213.0,A0200,AN/APG-68(V)9,LOCK,B0100,42.046112711336534,0.0,0.0,0.0,0.0,Friendly
213.0,B0100,N001VE,SEARCH,A0100,60.94564499045456,-18.91447712566999,-11160.2792949228,0.23817943761931804,12274.019643904829,Enemy
213.0,B0200,N001VE,TRACK,A0200,42.41655622537575,-11.430236244030176,-12428.910249675237,0.4697930471828031,12655.01301606309,Enemy
213.20000000000002,A0100,AN/APG-68(V)9,TRACK,B0100,61.03460956232044,0.0,0.0,0.0,0.0,Friendly
213.20000000000002,A0200,AN/APG-68(V)9,LOCK,B0100,42.095258701473554,0.0,0.0,0.0,0.0,Friendly
213.20000000000002,B0100,N001VE,SEARCH,A0100,60.94564499045456,-18.91447712566999,-11160.2792949228,0.2286522601145445,12274.019643904829,Enemy
213.20000000000002,B0200,N001VE,TRACK,A0200,42.41655622537575,-11.430236244030176,-12428.910249675237,0.4510013252954894,12655.01301606309,Enemy
213.4,A0100,AN/APG-68(V)9,TRACK,B0100,61.079918424360315,0.0,0.0,0.0,0.0,Friendly
213.4,A0200,AN/APG-68(V)9,LOCK,B0100,42.14514699748587,0.0,0.0,0.0,0.0,Friendly
213.4,B0100,N001VE,SEARCH,A0100,60.94564499045456,-18.91447712566999,-11160.2792949228,0.21912508260977231,12274.019643904829,Enemy
213.4,B0200,N001VE,TRACK,A0200,42.41655622537575,-11.430236244030176,-12428.910249675237,0.4322096034081783,12655.01301606309,Enemy
213.60000000000002,A0100,AN/APG-68(V)9,TRACK,B0100,61.12552404373608,0.0,0.0,0.0,0.0,Friendly
213.60000000000002,A0200,AN/APG-68(V)9,LOCK,B0100,42.19545827073418,0.0,0.0,0.0,0.0,Friendly
213.60000000000002,B0100,N001VE,SEARCH,A0100,60.94564499045456,-18.91447712566999,-11160.2792949228,0.2095979051049988,12274.019643904829,Enemy
213.60000000000002,B0200,N001VE,TRACK,A0200,42.41655622537575,-11.430236244030176,-12428.910249675237,0.4134178815208646,12655.01301606309,Enemy
213.8,A0100,AN/APG-68(V)9,TRACK,B0100,61.1708204125016,0.0,0.0,0.0,0.0,Friendly
213.8,A0200,AN/APG-68(V)9,LOCK,B0100,42.24553675812361,0.0,0.0,0.0,0.0,Friendly
213.8,B0100,N001VE,SEARCH,A0100,61.1708204125016,-18.98736828211798,-11167.522808158588,0.24477933463747872,12266.174996849795,Enemy
213.8,B0200,N001VE,TRACK,A0200,42.666434912082835,-11.537510351739531,-12494.407092631507,0.48533634614292215,12643.696080594498,Enemy
214.0,A0100,AN/APG-68(V)9,TRACK,B0100,61.215620721619615,0.0,0.0,0.0,0.0,Friendly
214.0,A0200,AN/APG-68(V)9,LOCK,B0100,42.295120497588314,0.0,0.0,0.0,0.0,Friendly
214.0,B0100,N001VE,SEARCH,A0100,61.1708204125016,-18.98736828211798,-11167.522808158588,0.23536474484373004,12266.174996849795,Enemy
214.0,B0200,N001VE,TRACK,A0200,42.666434912082835,-11.537510351739531,-12494.407092631507,0.4666695635989646,12643.696080594498,Enemy
214.20000000000002,A0100,AN/APG-68(V)9,TRACK,B0100,61.26001619516858,0.0,0.0,0.0,0.0,Friendly
214.20000000000002,A0200,AN/APG-68(V)9,LOCK,B0100,42.34415303192841,0.0,0.0,0.0,0.0,Friendly
214.20000000000002,B0100,N001VE,SEARCH,A0100,61.1708204125016,-18.98736828211798,-11167.522808158588,0.22595015504998006,12266.174996849795,Enemy
214.20000000000002,B0200,N001VE,TRACK,A0200,42.666434912082835,-11.537510351739531,-12494.407092631507,0.44800278105500446,12643.696080594498,Enemy
214.4,A0100,AN/APG-68(V)9,TRACK,B0100,61.30415511820577,0.0,0.0,0.0,0.0,Friendly
214.4,A0200,AN/APG-68(V)9,LOCK,B0100,42.392828993133115,0.0,0.0,0.0,0.0,Friendly
214.4,B0100,N001VE,SEARCH,A0100,61.1708204125016,-18.98736828211798,-11167.522808158588,0.21653556525623135,12266.174996849795,Enemy
214.4,B0200,N001VE,TRACK,A0200,42.666434912082835,-11.537510351739531,-12494.407092631507,0.42933599851104687,12643.696080594498,Enemy
214.60000000000002,A0100,AN/APG-68(V)9,TRACK,B0100,61.34839480541955,0.0,0.0,0.0,0.0,Friendly
214.60000000000002,A0200,AN/APG-68(V)9,LOCK,B0100,42.44165702109797,0.0,0.0,0.0,0.0,Friendly
214.60000000000002,B0100,N001VE,SEARCH,None,0.0,0.0,0.0,0.0,0.0,Enemy
214.60000000000002,B0200,N001VE,TRACK,A0200,42.666434912082835,-11.537510351739531,-12494.407092631507,0.4106692159670867,12643.696080594498,Enemy
214.8,A0100,AN/APG-68(V)9,TRACK,B0100,61.3929377119156,0.0,0.0,0.0,0.0,Friendly
214.8,A0200,AN/APG-68(V)9,LOCK,B0100,42.49096787692547,0.0,0.0,0.0,0.0,Friendly
214.8,B0100,N001VE,SEARCH,None,0.0,0.0,0.0,0.0,0.0,Enemy
214.8,B0200,N001VE,TRACK,A0200,42.91580107281241,-11.643899492538964,-12493.170463995095,0.48209458605343775,12632.361726791483,Enemy
215.0,A0100,AN/APG-68(V)9,TRACK,B0100,61.43802006905262,0.0,0.0,0.0,0.0,Friendly
215.0,A0200,AN/APG-68(V)9,LOCK,B0100,42.541000353410574,0.0,0.0,0.0,0.0,Friendly
215.0,B0100,N001VE,SEARCH,None,0.0,0.0,0.0,0.0,0.0,Enemy
215.0,B0200,N001VE,TRACK,A0200,42.91580107281241,-11.643899492538964,-12493.170463995095,0.46355248658984494,12632.361726791483,Enemy
215.20000000000002,A0100,AN/APG-68(V)9,TRACK,B0100,61.48319785207534,0.0,0.0,0.0,0.0,Friendly
215.20000000000002,A0200,AN/APG-68(V)9,LOCK,B0100,42.59115886677738,0.0,0.0,0.0,0.0,Friendly
215.20000000000002,B0100,N001VE,SEARCH,None,0.0,0.0,0.0,0.0,0.0,Enemy
215.20000000000002,B0200,N001VE,TRACK,A0200,42.91580107281241,-11.643899492538964,-12493.170463995095,0.4450103871262496,12632.361726791483,Enemy
215.4,A0100,AN/APG-68(V)9,TRACK,B0100,61.528145775139464,0.0,0.0,0.0,0.0,Friendly
215.4,A0200,AN/APG-68(V)9,LOCK,B0100,42.64101444098466,0.0,0.0,0.0,0.0,Friendly
215.4,B0100,N001VE,SEARCH,None,0.0,0.0,0.0,0.0,0.0,Enemy
215.4,B0200,N001VE,TRACK,A0200,42.91580107281241,-11.643899492538964,-12493.170463995095,0.4264682876626568,12632.361726791483,Enemy
215.60000000000002,A0100,AN/APG-68(V)9,TRACK,B0100,61.57293773153339,0.0,0.0,0.0,0.0,Friendly
215.60000000000002,A0200,AN/APG-68(V)9,LOCK,B0100,42.69068577880351,0.0,0.0,0.0,0.0,Friendly
215.60000000000002,B0100,N001VE,SEARCH,None,0.0,0.0,0.0,0.0,0.0,Enemy
215.60000000000002,B0200,N001VE,TRACK,A0200,42.91580107281241,-11.643899492538964,-12493.170463995095,0.40792618819906146,12632.361726791483,Enemy
215.8,A0100,AN/APG-68(V)9,TRACK,B0100,61.61765361645169,0.0,0.0,0.0,0.0,Friendly
215.8,A0200,AN/APG-68(V)9,LOCK,B0100,42.740217360702516,0.0,0.0,0.0,0.0,Friendly
215.8,B0100,N001VE,SEARCH,None,0.0,0.0,0.0,0.0,0.0,Enemy
215.8,B0200,N001VE,SEARCH,None,0.0,0.0,0.0,0.0,0.0,Enemy
216.0,A0100,AN/APG-68(V)9,TRACK,B0100,61.662278077072976,0.0,0.0,0.0,0.0,Friendly
216.0,A0200,AN/APG-68(V)9,LOCK,B0100,42.789557858351145,0.0,0.0,0.0,0.0,Friendly
216.0,B0100,N001VE,SEARCH,None,0.0,0.0,0.0,0.0,0.0,Enemy
216.0,B0200,N001VE,SEARCH,None,0.0,0.0,0.0,0.0,0.0,Enemy
216.20000000000002,A0100,AN/APG-68(V)9,TRACK,B0100,61.70644761872259,0.0,0.0,0.0,0.0,Friendly
216.20000000000002,A0200,AN/APG-68(V)9,LOCK,B0100,42.83837635556858,0.0,0.0,0.0,0.0,Friendly
216.20000000000002,B0100,N001VE,SEARCH,None,0.0,0.0,0.0,0.0,0.0,Enemy
216.20000000000002,B0200,N001VE,SEARCH,None,0.0,0.0,0.0,0.0,0.0,Enemy
216.4,A0100,AN/APG-68(V)9,TRACK,B0100,61.75001407259066,0.0,0.0,0.0,0.0,Friendly
216.4,A0200,AN/APG-68(V)9,LOCK,B0100,42.886621717945445,0.0,0.0,0.0,0.0,Friendly
216.4,B0100,N001VE,SEARCH,None,0.0,0.0,0.0,0.0,0.0,Enemy
216.4,B0200,N001VE,SEARCH,None,0.0,0.0,0.0,0.0,0.0,Enemy
216.60000000000002,A0100,AN/APG-68(V)9,TRACK,B0100,61.793153948934744,0.0,0.0,0.0,0.0,Friendly
216.60000000000002,A0200,AN/APG-68(V)9,LOCK,B0100,42.934526125585755,0.0,0.0,0.0,0.0,Friendly
216.60000000000002,B0100,N001VE,SEARCH,None,0.0,0.0,0.0,0.0,0.0,Enemy
216.60000000000002,B0200,N001VE,SEARCH,None,0.0,0.0,0.0,0.0,0.0,Enemy
216.8,A0100,AN/APG-68(V)9,TRACK,B0100,61.836046680689996,0.0,0.0,0.0,0.0,Friendly
216.8,A0200,AN/APG-68(V)9,LOCK,B0100,42.9821977359729,0.0,0.0,0.0,0.0,Friendly
216.8,B0100,N001VE,SEARCH,None,0.0,0.0,0.0,0.0,0.0,Enemy
216.8,B0200,N001VE,SEARCH,None,0.0,0.0,0.0,0.0,0.0,Enemy
217.0,A0100,AN/APG-68(V)9,TRACK,B0100,61.878916893937586,0.0,0.0,0.0,0.0,Friendly
217.0,A0200,AN/APG-68(V)9,LOCK,B0100,43.02969452832025,0.0,0.0,0.0,0.0,Friendly
217.0,B0100,N001VE,SEARCH,None,0.0,0.0,0.0,0.0,0.0,Enemy
217.0,B0200,N001VE,SEARCH,None,0.0,0.0,0.0,0.0,0.0,Enemy
217.20000000000002,A0100,AN/APG-68(V)9,TRACK,B0100,61.92198812005154,0.0,0.0,0.0,0.0,Friendly
217.20000000000002,A0200,AN/APG-68(V)9,LOCK,B0100,43.07733626417779,0.0,0.0,0.0,0.0,Friendly
217.20000000000002,B0100,N001VE,SEARCH,None,0.0,0.0,0.0,0.0,0.0,Enemy
217.20000000000002,B0200,N001VE,SEARCH,None,0.0,0.0,0.0,0.0,0.0,Enemy
217.4,A0100,AN/APG-68(V)9,TRACK,B0100,61.9651598388299,0.0,0.0,0.0,0.0,Friendly
217.4,A0200,AN/APG-68(V)9,LOCK,B0100,43.12522216372944,0.0,0.0,0.0,0.0,Friendly
217.4,B0100,N001VE,SEARCH,None,0.0,0.0,0.0,0.0,0.0,Enemy
217.4,B0200,N001VE,SEARCH,None,0.0,0.0,0.0,0.0,0.0,Enemy
217.60000000000002,A0100,AN/APG-68(V)9,TRACK,B0100,62.00838054389171,0.0,0.0,0.0,0.0,Friendly
217.60000000000002,A0200,AN/APG-68(V)9,LOCK,B0100,43.17324011650867,0.0,0.0,0.0,0.0,Friendly
217.60000000000002,B0100,N001VE,SEARCH,None,0.0,0.0,0.0,0.0,0.0,Enemy
217.60000000000002,B0200,N001VE,SEARCH,None,0.0,0.0,0.0,0.0,0.0,Enemy
217.8,A0100,AN/APG-68(V)9,TRACK,B0100,62.05164150050011,0.0,0.0,0.0,0.0,Friendly
217.8,A0200,AN/APG-68(V)9,LOCK,B0100,43.22131761356514,0.0,0.0,0.0,0.0,Friendly
217.8,B0100,N001VE,SEARCH,None,0.0,0.0,0.0,0.0,0.0,Enemy
217.8,B0200,N001VE,TRACK,A0200,43.65421711105817,-11.954135831190964,-12457.82779030337,0.47249517755624276,12598.00460750687,Enemy
218.0,A0100,AN/APG-68(V)9,TRACK,B0100,62.0949735923129,0.0,0.0,0.0,0.0,Friendly
218.0,A0200,AN/APG-68(V)9,LOCK,B0100,43.26956753859848,0.0,0.0,0.0,0.0,Friendly
218.0,B0100,N001VE,SEARCH,None,0.0,0.0,0.0,0.0,0.0,Enemy
218.0,B0200,N001VE,TRACK,A0200,43.65421711105817,-11.954135831190964,-12457.82779030337,0.45432228611177283,12598.00460750687,Enemy
218.20000000000002,A0100,AN/APG-68(V)9,TRACK,B0100,62.13837751077468,0.0,0.0,0.0,0.0,Friendly
218.20000000000002,A0200,AN/APG-68(V)9,LOCK,B0100,43.31804718870249,0.0,0.0,0.0,0.0,Friendly
218.20000000000002,B0100,N001VE,SEARCH,None,0.0,0.0,0.0,0.0,0.0,Enemy
218.20000000000002,B0200,N001VE,TRACK,A0200,43.65421711105817,-11.954135831190964,-12457.82779030337,0.4361493946673004,12598.00460750687,Enemy
218.4,A0100,AN/APG-68(V)9,TRACK,B0100,62.18181385854112,0.0,0.0,0.0,0.0,Friendly
218.4,A0200,AN/APG-68(V)9,LOCK,B0100,43.366662296193475,0.0,0.0,0.0,0.0,Friendly
218.4,B0100,N001VE,SEARCH,None,0.0,0.0,0.0,0.0,0.0,Enemy
218.4,B0200,N001VE,TRACK,A0200,43.65421711105817,-11.954135831190964,-12457.82779030337,0.4179765032228305,12598.00460750687,Enemy
218.60000000000002,A0100,AN/APG-68(V)9,TRACK,B0100,62.22523773759099,0.0,0.0,0.0,0.0,Friendly
218.60000000000002,A0200,AN/APG-68(V)9,LOCK,B0100,43.415156287162475,0.0,0.0,0.0,0.0,Friendly
218.60000000000002,B0100,N001VE,SEARCH,None,0.0,0.0,0.0,0.0,0.0,Enemy
218.60000000000002,B0200,N001VE,TRACK,A0200,43.65421711105817,-11.954135831190964,-12457.82779030337,0.39980361177835805,12598.00460750687,Enemy
218.8,A0100,AN/APG-68(V)9,TRACK,B0100,62.26872870069878,0.0,0.0,0.0,0.0,Friendly
218.8,A0200,AN/APG-68(V)9,LOCK,B0100,43.46364412504826,0.0,0.0,0.0,0.0,Friendly
218.8,B0100,N001VE,SEARCH,A0100,62.26872870069878,-19.33640210257464,-11193.650494373773,0.2305065268909153,12226.1912723526,Enemy
218.8,B0200,N001VE,SEARCH,None,0.0,0.0,0.0,0.0,0.0,Enemy
219.0,A0100,AN/APG-68(V)9,TRACK,B0100,62.31245968290264,0.0,0.0,0.0,0.0,Friendly
219.0,A0200,AN/APG-68(V)9,LOCK,B0100,43.512456660069695,0.0,0.0,0.0,0.0,Friendly
219.0,B0100,N001VE,SEARCH,A0100,62.26872870069878,-19.33640210257464,-11193.650494373773,0.22164089124126518,12226.1912723526,Enemy
219.0,B0200,N001VE,SEARCH,None,0.0,0.0,0.0,0.0,0.0,Enemy
219.20000000000002,A0100,AN/APG-68(V)9,TRACK,B0100,62.3563566901582,0.0,0.0,0.0,0.0,Friendly
219.20000000000002,A0200,AN/APG-68(V)9,LOCK,B0100,43.56153016497675,0.0,0.0,0.0,0.0,Friendly
219.20000000000002,B0100,N001VE,SEARCH,A0100,62.26872870069878,-19.33640210257464,-11193.650494373773,0.21277525559161384,12226.1912723526,Enemy
219.20000000000002,B0200,N001VE,SEARCH,None,0.0,0.0,0.0,0.0,0.0,Enemy
219.4,A0100,AN/APG-68(V)9,TRACK,B0100,62.4003337581728,0.0,0.0,0.0,0.0,Friendly
219.4,A0200,AN/APG-68(V)9,LOCK,B0100,43.61083153742595,0.0,0.0,0.0,0.0,Friendly
219.4,B0100,N001VE,SEARCH,None,0.0,0.0,0.0,0.0,0.0,Enemy
219.4,B0200,N001VE,SEARCH,None,0.0,0.0,0.0,0.0,0.0,Enemy
219.60000000000002,A0100,AN/APG-68(V)9,TRACK,B0100,62.44434426089412,0.0,0.0,0.0,0.0,Friendly
219.60000000000002,A0200,AN/APG-68(V)9,LOCK,B0100,43.66034282791369,0.0,0.0,0.0,0.0,Friendly
219.60000000000002,B0100,N001VE,SEARCH,None,0.0,0.0,0.0,0.0,0.0,Enemy
219.60000000000002,B0200,N001VE,SEARCH,None,0.0,0.0,0.0,0.0,0.0,Enemy
219.8,A0100,AN/APG-68(V)9,TRACK,B0100,62.48836663772019,0.0,0.0,0.0,0.0,Friendly
219.8,A0200,AN/APG-68(V)9,LOCK,B0100,43.710007341770144,0.0,0.0,0.0,0.0,Friendly
219.8,B0100,N001VE,TRACK,A0200,43.710007341770144,-11.984545623182933,-12381.604702744653,0.4717699045569872,12599.51936658004,Enemy
219.8,B0200,N001VE,SEARCH,None,0.0,0.0,0.0,0.0,0.0,Enemy
220.0,A0100,AN/APG-68(V)9,TRACK,B0100,62.532371829046326,0.0,0.0,0.0,0.0,Friendly
220.0,A0200,AN/APG-68(V)9,LOCK,B0100,43.75966565639531,0.0,0.0,0.0,0.0,Friendly
220.0,B0100,N001VE,TRACK,A0200,43.710007341770144,-11.984545623182933,-12381.604702744653,0.45362490822787327,12599.51936658004,Enemy
220.0,B0200,N001VE,SEARCH,None,0.0,0.0,0.0,0.0,0.0,Enemy
220.20000000000002,A0100,AN/APG-68(V)9,TRACK,B0100,62.576450468193954,0.0,0.0,0.0,0.0,Friendly
220.20000000000002,A0200,AN/APG-68(V)9,LOCK,B0100,43.80926201223063,0.0,0.0,0.0,0.0,Friendly
220.20000000000002,B0100,N001VE,TRACK,A0200,43.710007341770144,-11.984545623182933,-12381.604702744653,0.4354799118987568,12599.51936658004,Enemy
220.20000000000002,B0200,N001VE,SEARCH,None,0.0,0.0,0.0,0.0,0.0,Enemy
220.4,A0100,AN/APG-68(V)9,TRACK,B0100,62.62079757130158,0.0,0.0,0.0,0.0,Friendly
220.4,A0200,AN/APG-68(V)9,LOCK,B0100,43.85909623954165,0.0,0.0,0.0,0.0,Friendly
220.4,B0100,N001VE,TRACK,A0200,43.710007341770144,-11.984545623182933,-12381.604702744653,0.41733491556964286,12599.51936658004,Enemy
220.4,B0200,N001VE,SEARCH,None,0.0,0.0,0.0,0.0,0.0,Enemy
220.60000000000002,A0100,AN/APG-68(V)9,TRACK,B0100,62.665353187709144,0.0,0.0,0.0,0.0,Friendly
220.60000000000002,A0200,AN/APG-68(V)9,LOCK,B0100,43.90921210008542,0.0,0.0,0.0,0.0,Friendly
220.60000000000002,B0100,N001VE,TRACK,A0200,43.710007341770144,-11.984545623182933,-12381.604702744653,0.39918991924052644,12599.51936658004,Enemy
220.60000000000002,B0200,N001VE,SEARCH,None,0.0,0.0,0.0,0.0,0.0,Enemy
220.8,A0100,AN/APG-68(V)9,TRACK,B0100,62.71003572852194,0.0,0.0,0.0,0.0,Friendly
220.8,A0200,AN/APG-68(V)9,LOCK,B0100,43.95953972795127,0.0,0.0,0.0,0.0,Friendly
220.8,B0100,N001VE,SEARCH,None,0.0,0.0,0.0,0.0,0.0,Enemy
220.8,B0200,N001VE,TRACK,A0100,63.17016841353246,-19.62228375041602,-11163.626947630608,0.2187878106240775,12195.28378111402,Enemy
220.8,B0200,N001VE,TRACK,A0200,44.384613858100906,-12.253324025227144,-12454.77667961483,0.46300001984468725,12562.42326648286,Enemy
221.0,A0100,AN/APG-68(V)9,TRACK,B0100,62.754775046036094,0.0,0.0,0.0,0.0,Friendly
221.0,A0200,AN/APG-68(V)9,LOCK,B0100,44.01001033601733,0.0,0.0,0.0,0.0,Friendly
221.0,B0100,N001VE,SEARCH,None,0.0,0.0,0.0,0.0,0.0,Enemy
221.0,B0200,N001VE,TRACK,A0100,63.17016841353246,-19.62228375041602,-11163.626947630608,0.2103728948308442,12195.28378111402,Enemy
221.0,B0200,N001VE,TRACK,A0200,44.384613858100906,-12.253324025227144,-12454.77667961483,0.44519232677373866,12562.42326648286,Enemy
221.20000000000002,A0100,AN/APG-68(V)9,TRACK,B0100,62.79952006920126,0.0,0.0,0.0,0.0,Friendly
221.20000000000002,A0200,AN/APG-68(V)9,LOCK,B0100,44.06050136462508,0.0,0.0,0.0,0.0,Friendly
221.20000000000002,B0100,N001VE,SEARCH,None,0.0,0.0,0.0,0.0,0.0,Enemy
221.20000000000002,B0200,N001VE,TRACK,A0200,44.384613858100906,-12.253324025227144,-12454.77667961483,0.4273846337027876,12562.42326648286,Enemy
221.4,A0100,AN/APG-68(V)9,TRACK,B0100,62.84421000028066,0.0,0.0,0.0,0.0,Friendly
221.4,A0200,AN/APG-68(V)9,LOCK,B0100,44.11096322883917,0.0,0.0,0.0,0.0,Friendly
221.4,B0100,N001VE,SEARCH,None,0.0,0.0,0.0,0.0,0.0,Enemy
221.4,B0200,N001VE,TRACK,A0200,44.384613858100906,-12.253324025227144,-12454.77667961483,0.409576940631839,12562.42326648286,Enemy
221.60000000000002,A0100,AN/APG-68(V)9,TRACK,B0100,62.88896867635307,0.0,0.0,0.0,0.0,Friendly
221.60000000000002,A0200,AN/APG-68(V)9,LOCK,B0100,44.161418544864844,0.0,0.0,0.0,0.0,Friendly
221.60000000000002,B0100,N001VE,SEARCH,None,0.0,0.0,0.0,0.0,0.0,Enemy
221.60000000000002,B0200,N001VE,TRACK,A0200,44.384613858100906,-12.253324025227144,-12454.77667961483,0.391769247560888,12562.42326648286,Enemy
221.8,A0100,AN/APG-68(V)9,TRACK,B0100,62.934005226095735,0.0,0.0,0.0,0.0,Friendly
221.8,A0200,AN/APG-68(V)9,LOCK,B0100,44.21208050445898,0.0,0.0,0.0,0.0,Friendly
221.8,B0100,N001VE,TRACK,A0100,62.934005226095735,-19.54589021075601,-11206.444647815377,0.221857932060755,12202.325028035002,Enemy
221.8,B0100,N001VE,TRACK,A0200,44.21208050445898,-12.190969496565494,-12311.245311937024,0.46524295344203226,12575.34836778563,Enemy
221.8,B0200,N001VE,SEARCH,None,0.0,0.0,0.0,0.0,0.0,Enemy
222.0,A0100,AN/APG-68(V)9,TRACK,B0100,62.979291439933675,0.0,0.0,0.0,0.0,Friendly
222.0,A0200,AN/APG-68(V)9,LOCK,B0100,44.262909513899835,0.0,0.0,0.0,0.0,Friendly
222.0,B0100,N001VE,TRACK,A0100,62.934005226095735,-19.54589021075601,-11206.444647815377,0.2133249346738033,12202.325028035002,Enemy
222.0,B0100,N001VE,TRACK,A0200,44.21208050445898,-12.190969496565494,-12311.245311937024,0.44734899369426273,12575.34836778563,Enemy
222.0,B0200,N001VE,SEARCH,None,0.0,0.0,0.0,0.0,0.0,Enemy
222.20000000000002,A0100,AN/APG-68(V)9,TRACK,B0100,63.024814163771616,0.0,0.0,0.0,0.0,Friendly
222.20000000000002,A0200,AN/APG-68(V)9,LOCK,B0100,44.313849482314744,0.0,0.0,0.0,0.0,Friendly
222.20000000000002,B0100,N001VE,TRACK,A0200,44.21208050445898,-12.190969496565494,-12311.245311937024,0.4294550339464907,12575.34836778563,Enemy
222.20000000000002,B0200,N001VE,SEARCH,None,0.0,0.0,0.0,0.0,0.0,Enemy
222.4,A0100,AN/APG-68(V)9,TRACK,B0100,63.07045083874255,0.0,0.0,0.0,0.0,Friendly
222.4,A0200,AN/APG-68(V)9,LOCK,B0100,44.364924974388614,0.0,0.0,0.0,0.0,Friendly
222.4,B0100,N001VE,TRACK,A0200,44.21208050445898,-12.190969496565494,-12311.245311937024,0.4115610741987212,12575.34836778563,Enemy
222.4,B0200,N001VE,SEARCH,None,0.0,0.0,0.0,0.0,0.0,Enemy
222.60000000000002,A0100,AN/APG-68(V)9,TRACK,B0100,63.116057768969476,0.0,0.0,0.0,0.0,Friendly
222.60000000000002,A0200,AN/APG-68(V)9,LOCK,B0100,44.416059087758526,0.0,0.0,0.0,0.0,Friendly
222.60000000000002,B0100,N001VE,TRACK,A0200,44.21208050445898,-12.190969496565494,-12311.245311937024,0.39366711445094915,12575.34836778563,Enemy
222.60000000000002,B0200,N001VE,SEARCH,None,0.0,0.0,0.0,0.0,0.0,Enemy
222.8,A0100,AN/APG-68(V)9,TRACK,B0100,63.16164617975051,0.0,0.0,0.0,0.0,Friendly
222.8,A0200,AN/APG-68(V)9,LOCK,B0100,44.467197936151955,0.0,0.0,0.0,0.0,Friendly
222.8,B0100,N001VE,SEARCH,None,0.0,0.0,0.0,0.0,0.0,Enemy
222.8,B0200,N001VE,SEARCH,None,0.0,0.0,0.0,0.0,0.0,Enemy
223.0,A0100,AN/APG-68(V)9,TRACK,B0100,63.20734176057216,0.0,0.0,0.0,0.0,Friendly
223.0,A0200,AN/APG-68(V)9,LOCK,B0100,44.51836368687574,0.0,0.0,0.0,0.0,Friendly
223.0,B0100,N001VE,SEARCH,None,0.0,0.0,0.0,0.0,0.0,Enemy
223.0,B0200,N001VE,SEARCH,None,0.0,0.0,0.0,0.0,0.0,Enemy
223.20000000000002,A0100,AN/APG-68(V)9,TRACK,B0100,63.253327360125105,0.0,0.0,0.0,0.0,Friendly
223.20000000000002,A0200,AN/APG-68(V)9,LOCK,B0100,44.56968874182185,0.0,0.0,0.0,0.0,Friendly
223.20000000000002,B0100,N001VE,SEARCH,None,0.0,0.0,0.0,0.0,0.0,Enemy
223.20000000000002,B0200,N001VE,SEARCH,None,0.0,0.0,0.0,0.0,0.0,Enemy
223.4,A0100,AN/APG-68(V)9,TRACK,B0100,63.29956009050227,0.0,0.0,0.0,0.0,Friendly
223.4,A0200,AN/APG-68(V)9,LOCK,B0100,44.62114524415776,0.0,0.0,0.0,0.0,Friendly
223.4,B0100,N001VE,SEARCH,None,0.0,0.0,0.0,0.0,0.0,Enemy
223.4,B0200,N001VE,SEARCH,None,0.0,0.0,0.0,0.0,0.0,Enemy
223.60000000000002,A0100,AN/APG-68(V)9,TRACK,B0100,63.345941919036285,0.0,0.0,0.0,0.0,Friendly
223.60000000000002,A0200,AN/APG-68(V)9,LOCK,B0100,44.67255972819146,0.0,0.0,0.0,0.0,Friendly
223.60000000000002,B0100,N001VE,SEARCH,None,0.0,0.0,0.0,0.0,0.0,Enemy
223.60000000000002,B0200,N001VE,SEARCH,None,0.0,0.0,0.0,0.0,0.0,Enemy
223.8,A0100,AN/APG-68(V)9,TRACK,B0100,63.39227453766291,0.0,0.0,0.0,0.0,Friendly
223.8,A0200,AN/APG-68(V)9,LOCK,B0100,44.723830859077005,0.0,0.0,0.0,0.0,Friendly
223.8,B0100,N001VE,SEARCH,A0100,63.39227453766291,-19.691114529791285,-11118.095294787841,0.21590043101038167,12187.060787502198,Enemy
223.8,B0200,N001VE,SEARCH,None,0.0,0.0,0.0,0.0,0.0,Enemy
224.0,A0100,AN/APG-68(V)9,TRACK,B0100,63.43817293563864,0.0,0.0,0.0,0.0,Friendly
224.0,A0200,AN/APG-68(V)9,LOCK,B0100,44.77483861253201,0.0,0.0,0.0,0.0,Friendly
224.0,B0100,N001VE,SEARCH,None,0.0,0.0,0.0,0.0,0.0,Enemy
224.0,B0200,N001VE,SEARCH,None,0.0,0.0,0.0,0.0,0.0,Enemy
224.20000000000002,A0100,AN/APG-68(V)9,TRACK,B0100,63.483667769460546,0.0,0.0,0.0,0.0,Friendly
224.20000000000002,A0200,AN/APG-68(V)9,LOCK,B0100,44.82566540063572,0.0,0.0,0.0,0.0,Friendly
224.20000000000002,B0100,N001VE,SEARCH,None,0.0,0.0,0.0,0.0,0.0,Enemy
224.20000000000002,B0200,N001VE,SEARCH,None,0.0,0.0,0.0,0.0,0.0,Enemy
224.4,A0100,AN/APG-68(V)9,TRACK,B0100,63.529213711904994,0.0,0.0,0.0,0.0,Friendly
224.4,A0200,AN/APG-68(V)9,LOCK,B0100,44.8765348217785,0.0,0.0,0.0,0.0,Friendly
224.4,B0100,N001VE,SEARCH,None,0.0,0.0,0.0,0.0,0.0,Enemy
224.4,B0200,N001VE,SEARCH,None,0.0,0.0,0.0,0.0,0.0,Enemy
224.60000000000002,A0100,AN/APG-68(V)9,TRACK,B0100,63.575092273825476,0.0,0.0,0.0,0.0,Friendly
224.60000000000002,A0200,AN/APG-68(V)9,LOCK,B0100,44.92760769019092,0.0,0.0,0.0,0.0,Friendly
224.60000000000002,B0100,N001VE,SEARCH,None,0.0,0.0,0.0,0.0,0.0,Enemy
224.60000000000002,B0200,N001VE,SEARCH,None,0.0,0.0,0.0,0.0,0.0,Enemy
224.8,A0100,AN/APG-68(V)9,TRACK,B0100,63.62126640306058,0.0,0.0,0.0,0.0,Friendly
224.8,A0200,AN/APG-68(V)9,LOCK,B0100,44.97887451621832,0.0,0.0,0.0,0.0,Friendly
224.8,B0100,N001VE,SEARCH,None,0.0,0.0,0.0,0.0,0.0,Enemy
224.8,B0200,N001VE,TRACK,A0200,45.399903506876896,-12.667865674471033,-12351.626527746575,0.4498012544105995,12516.651575364162,Enemy
225.0,A0100,AN/APG-68(V)9,TRACK,B0100,63.66756616315734,0.0,0.0,0.0,0.0,Friendly
225.0,A0200,AN/APG-68(V)9,TRACK,B0100,45.03019090663869,0.0,0.0,0.0,0.0,Friendly
225.0,B0100,N001VE,SEARCH,None,0.0,0.0,0.0,0.0,0.0,Enemy
225.0,B0200,N001VE,TRACK,A0200,45.399903506876896,-12.667865674471033,-12351.626527746575,0.43250120616403886,12516.651575364162,Enemy
225.20000000000002,A0100,AN/APG-68(V)9,TRACK,B0100,63.71389521347428,0.0,0.0,0.0,0.0,Friendly
225.20000000000002,A0200,AN/APG-68(V)9,TRACK,B0100,45.08151929561192,0.0,0.0,0.0,0.0,Friendly
225.20000000000002,B0100,N001VE,SEARCH,None,0.0,0.0,0.0,0.0,0.0,Enemy
225.20000000000002,B0200,N001VE,TRACK,A0200,45.399903506876896,-12.667865674471033,-12351.626527746575,0.41520115791747586,12516.651575364162,Enemy
225.4,A0100,AN/APG-68(V)9,TRACK,B0100,63.760448688553815,0.0,0.0,0.0,0.0,Friendly
225.4,A0200,AN/APG-68(V)9,TRACK,B0100,45.13301659027146,0.0,0.0,0.0,0.0,Friendly
225.4,B0100,N001VE,SEARCH,None,0.0,0.0,0.0,0.0,0.0,Enemy
225.4,B0200,N001VE,TRACK,A0200,45.399903506876896,-12.667865674471033,-12351.626527746575,0.39790110967091524,12516.651575364162,Enemy
225.60000000000002,A0100,AN/APG-68(V)9,TRACK,B0100,63.80731295881406,0.0,0.0,0.0,0.0,Friendly
225.60000000000002,A0200,AN/APG-68(V)9,TRACK,B0100,45.18470998849542,0.0,0.0,0.0,0.0,Friendly
225.60000000000002,B0100,N001VE,SEARCH,None,0.0,0.0,0.0,0.0,0.0,Enemy
225.60000000000002,B0200,N001VE,TRACK,A0200,45.399903506876896,-12.667865674471033,-12351.626527746575,0.38060106142435224,12516.651575364162,Enemy
225.8,A0100,AN/APG-68(V)9,TRACK,B0100,63.8542443870848,0.0,0.0,0.0,0.0,Friendly
225.8,A0200,AN/APG-68(V)9,TRACK,B0100,45.23637117659357,0.0,0.0,0.0,0.0,Friendly
225.8,B0100,N001VE,SEARCH,A0100,63.8542443870848,-19.837499755580044,-11048.244014231368,0.2098948229678972,12172.193005593203,Enemy
225.8,B0200,N001VE,SEARCH,None,0.0,0.0,0.0,0.0,0.0,Enemy
226.0,A0100,AN/APG-68(V)9,TRACK,B0100,63.900913794570975,0.0,0.0,0.0,0.0,Friendly
226.0,A0200,AN/APG-68(V)9,TRACK,B0100,45.28778134844831,0.0,0.0,0.0,0.0,Friendly
226.0,B0100,N001VE,SEARCH,None,0.0,0.0,0.0,0.0,0.0,Enemy
226.0,B0200,N001VE,SEARCH,None,0.0,0.0,0.0,0.0,0.0,Enemy
226.20000000000002,A0100,AN/APG-68(V)9,TRACK,B0100,63.94744204598573,0.0,0.0,0.0,0.0,Friendly
226.20000000000002,A0200,AN/APG-68(V)9,TRACK,B0100,45.33905429243176,0.0,0.0,0.0,0.0,Friendly
226.20000000000002,B0100,N001VE,SEARCH,None,0.0,0.0,0.0,0.0,0.0,Enemy
226.20000000000002,B0200,N001VE,SEARCH,None,0.0,0.0,0.0,0.0,0.0,Enemy
226.4,A0100,AN/APG-68(V)9,TRACK,B0100,63.99384555715564,0.0,0.0,0.0,0.0,Friendly
226.4,A0200,AN/APG-68(V)9,TRACK,B0100,45.39011107012594,0.0,0.0,0.0,0.0,Friendly
226.4,B0100,N001VE,SEARCH,None,0.0,0.0,0.0,0.0,0.0,Enemy
226.4,B0200,N001VE,SEARCH,None,0.0,0.0,0.0,0.0,0.0,Enemy
226.60000000000002,A0100,AN/APG-68(V)9,TRACK,B0100,64.03985152517984,0.0,0.0,0.0,0.0,Friendly
226.60000000000002,A0200,AN/APG-68(V)9,TRACK,B0100,45.44063093097403,0.0,0.0,0.0,0.0,Friendly
226.60000000000002,B0100,N001VE,SEARCH,None,0.0,0.0,0.0,0.0,0.0,Enemy
226.60000000000002,B0200,N001VE,SEARCH,None,0.0,0.0,0.0,0.0,0.0,Enemy
226.8,A0100,AN/APG-68(V)9,TRACK,B0100,64.08541810818119,0.0,0.0,0.0,0.0,Friendly
226.8,A0200,AN/APG-68(V)9,TRACK,B0100,45.49057038261374,0.0,0.0,0.0,0.0,Friendly
226.8,B0100,N001VE,SEARCH,None,0.0,0.0,0.0,0.0,0.0,Enemy
226.8,B0200,N001VE,SEARCH,None,0.0,0.0,0.0,0.0,0.0,Enemy
227.0,A0100,AN/APG-68(V)9,TRACK,B0100,64.13069664599946,0.0,0.0,0.0,0.0,Friendly
227.0,A0200,AN/APG-68(V)9,TRACK,B0100,45.540179112569575,0.0,0.0,0.0,0.0,Friendly
227.0,B0100,N001VE,SEARCH,None,0.0,0.0,0.0,0.0,0.0,Enemy
227.0,B0200,N001VE,SEARCH,None,0.0,0.0,0.0,0.0,0.0,Enemy
227.20000000000002,A0100,AN/APG-68(V)9,TRACK,B0100,64.17594329591343,0.0,0.0,0.0,0.0,Friendly
227.20000000000002,A0200,AN/APG-68(V)9,TRACK,B0100,45.58977340520723,0.0,0.0,0.0,0.0,Friendly
227.20000000000002,B0100,N001VE,SEARCH,None,0.0,0.0,0.0,0.0,0.0,Enemy
227.20000000000002,B0200,N001VE,SEARCH,None,0.0,0.0,0.0,0.0,0.0,Enemy
227.4,A0100,AN/APG-68(V)9,TRACK,B0100,64.22129627794813,0.0,0.0,0.0,0.0,Friendly
227.4,A0200,AN/APG-68(V)9,TRACK,B0100,45.63934783045553,0.0,0.0,0.0,0.0,Friendly
227.4,B0100,N001VE,SEARCH,None,0.0,0.0,0.0,0.0,0.0,Enemy
227.4,B0200,N001VE,SEARCH,None,0.0,0.0,0.0,0.0,0.0,Enemy
227.60000000000002,A0100,AN/APG-68(V)9,TRACK,B0100,64.26687810222523,0.0,0.0,0.0,0.0,Friendly
227.60000000000002,A0200,AN/APG-68(V)9,TRACK,B0100,45.688986279552005,0.0,0.0,0.0,0.0,Friendly
227.60000000000002,B0100,N001VE,SEARCH,None,0.0,0.0,0.0,0.0,0.0,Enemy
227.60000000000002,B0200,N001VE,SEARCH,None,0.0,0.0,0.0,0.0,0.0,Enemy
227.8,A0100,AN/APG-68(V)9,TRACK,B0100,64.31295968562475,0.0,0.0,0.0,0.0,Friendly
227.8,A0200,AN/APG-68(V)9,TRACK,B0100,45.739038197245605,0.0,0.0,0.0,0.0,Friendly
227.8,B0100,N001VE,SEARCH,None,0.0,0.0,0.0,0.0,0.0,Enemy
227.8,B0200,N001VE,SEARCH,None,0.0,0.0,0.0,0.0,0.0,Enemy
228.0,A0100,AN/APG-68(V)9,TRACK,B0100,64.35950647739334,0.0,0.0,0.0,0.0,Friendly
228.0,A0200,AN/APG-68(V)9,TRACK,B0100,45.7895830522751,0.0,0.0,0.0,0.0,Friendly
228.0,B0100,N001VE,SEARCH,None,0.0,0.0,0.0,0.0,0.0,Enemy
228.0,B0200,N001VE,SEARCH,None,0.0,0.0,0.0,0.0,0.0,Enemy
228.20000000000002,A0100,AN/APG-68(V)9,TRACK,B0100,64.40633436758657,0.0,0.0,0.0,0.0,Friendly
228.20000000000002,A0200,AN/APG-68(V)9,TRACK,B0100,45.84041224119737,0.0,0.0,0.0,0.0,Friendly
228.20000000000002,B0100,N001VE,SEARCH,None,0.0,0.0,0.0,0.0,0.0,Enemy
228.20000000000002,B0200,N001VE,SEARCH,None,0.0,0.0,0.0,0.0,0.0,Enemy
228.4,A0100,AN/APG-68(V)9,TRACK,B0100,64.45297772124722,0.0,0.0,0.0,0.0,Friendly
228.4,A0200,AN/APG-68(V)9,TRACK,B0100,45.89101594815851,0.0,0.0,0.0,0.0,Friendly
228.4,B0100,N001VE,SEARCH,None,0.0,0.0,0.0,0.0,0.0,Enemy
228.4,B0200,N001VE,SEARCH,None,0.0,0.0,0.0,0.0,0.0,Enemy
228.60000000000002,A0100,AN/APG-68(V)9,TRACK,B0100,64.49927234052426,0.0,0.0,0.0,0.0,Friendly
228.60000000000002,A0200,AN/APG-68(V)9,TRACK,B0100,45.941295667515504,0.0,0.0,0.0,0.0,Friendly
228.60000000000002,B0100,N001VE,SEARCH,None,0.0,0.0,0.0,0.0,0.0,Enemy
228.60000000000002,B0200,N001VE,SEARCH,None,0.0,0.0,0.0,0.0,0.0,Enemy
228.8,A0100,AN/APG-68(V)9,TRACK,B0100,64.5453649197248,0.0,0.0,0.0,0.0,Friendly
228.8,A0200,AN/APG-68(V)9,TRACK,B0100,45.99130826941524,0.0,0.0,0.0,0.0,Friendly
228.8,B0100,N001VE,SEARCH,None,0.0,0.0,0.0,0.0,0.0,Enemy
228.8,B0200,N001VE,SEARCH,None,0.0,0.0,0.0,0.0,0.0,Enemy
229.0,A0100,AN/APG-68(V)9,TRACK,B0100,64.59137659525206,0.0,0.0,0.0,0.0,Friendly
229.0,A0200,AN/APG-68(V)9,TRACK,B0100,46.04110289628052,0.0,0.0,0.0,0.0,Friendly
229.0,B0100,N001VE,SEARCH,None,0.0,0.0,0.0,0.0,0.0,Enemy
229.0,B0200,N001VE,SEARCH,None,0.0,0.0,0.0,0.0,0.0,Enemy
229.20000000000002,A0100,AN/APG-68(V)9,TRACK,B0100,64.63736594439959,0.0,0.0,0.0,0.0,Friendly
229.20000000000002,A0200,AN/APG-68(V)9,TRACK,B0100,46.090789395377485,0.0,0.0,0.0,0.0,Friendly
229.20000000000002,B0100,N001VE,SEARCH,None,0.0,0.0,0.0,0.0,0.0,Enemy
229.20000000000002,B0200,N001VE,SEARCH,None,0.0,0.0,0.0,0.0,0.0,Enemy
229.4,A0100,AN/APG-68(V)9,TRACK,B0100,64.68345380468722,0.0,0.0,0.0,0.0,Friendly
229.4,A0200,AN/APG-68(V)9,TRACK,B0100,46.1405477746792,0.0,0.0,0.0,0.0,Friendly
229.4,B0100,N001VE,SEARCH,None,0.0,0.0,0.0,0.0,0.0,Enemy
229.4,B0200,N001VE,SEARCH,None,0.0,0.0,0.0,0.0,0.0,Enemy
229.60000000000002,A0100,AN/APG-68(V)9,TRACK,B0100,64.72980739705805,0.0,0.0,0.0,0.0,Friendly
229.60000000000002,A0200,AN/APG-68(V)9,TRACK,B0100,46.19047065947199,0.0,0.0,0.0,0.0,Friendly
229.60000000000002,B0100,N001VE,SEARCH,None,0.0,0.0,0.0,0.0,0.0,Enemy
229.60000000000002,B0200,N001VE,SEARCH,None,0.0,0.0,0.0,0.0,0.0,Enemy
229.8,A0100,AN/APG-68(V)9,TRACK,B0100,64.7763633073619,0.0,0.0,0.0,0.0,Friendly
229.8,A0200,AN/APG-68(V)9,TRACK,B0100,46.24058755334738,0.0,0.0,0.0,0.0,Friendly
229.8,B0100,N001VE,SEARCH,None,0.0,0.0,0.0,0.0,0.0,Enemy
229.8,B0200,N001VE,SEARCH,None,0.0,0.0,0.0,0.0,0.0,Enemy
230.0,A0100,AN/APG-68(V)9,TRACK,B0100,64.82263122473165,0.0,0.0,0.0,0.0,Friendly
230.0,A0200,AN/APG-68(V)9,TRACK,B0100,46.29060449297884,0.0,0.0,0.0,0.0,Friendly
230.0,B0100,N001VE,SEARCH,None,0.0,0.0,0.0,0.0,0.0,Enemy
230.0,B0200,N001VE,SEARCH,None,0.0,0.0,0.0,0.0,0.0,Enemy
230.20000000000002,A0100,AN/APG-68(V)9,TRACK,B0100,64.86824552180697,0.0,0.0,0.0,0.0,Friendly
230.20000000000002,A0200,AN/APG-68(V)9,TRACK,B0100,46.3400278340361,0.0,0.0,0.0,0.0,Friendly
230.20000000000002,B0100,N001VE,SEARCH,None,0.0,0.0,0.0,0.0,0.0,Enemy
230.20000000000002,B0200,N001VE,SEARCH,None,0.0,0.0,0.0,0.0,0.0,Enemy
230.4,A0100,AN/APG-68(V)9,TRACK,B0100,64.91322756312752,0.0,0.0,0.0,0.0,Friendly
230.4,A0200,AN/APG-68(V)9,TRACK,B0100,46.38858918342123,0.0,0.0,0.0,0.0,Friendly
230.4,B0100,N001VE,SEARCH,None,0.0,0.0,0.0,0.0,0.0,Enemy
230.4,B0200,N001VE,SEARCH,None,0.0,0.0,0.0,0.0,0.0,Enemy
230.60000000000002,A0100,AN/APG-68(V)9,TRACK,B0100,64.95778096673118,0.0,0.0,0.0,0.0,Friendly
230.60000000000002,A0200,AN/APG-68(V)9,TRACK,B0100,46.43656707035531,0.0,0.0,0.0,0.0,Friendly
230.60000000000002,B0100,N001VE,SEARCH,None,0.0,0.0,0.0,0.0,0.0,Enemy
230.60000000000002,B0200,N001VE,SEARCH,None,0.0,0.0,0.0,0.0,0.0,Enemy
230.8,A0100,AN/APG-68(V)9,TRACK,B0100,65.00238012890455,0.0,0.0,0.0,0.0,Friendly
230.8,A0200,AN/APG-68(V)9,TRACK,B0100,46.484554693159254,0.0,0.0,0.0,0.0,Friendly
230.8,B0100,N001VE,SEARCH,None,0.0,0.0,0.0,0.0,0.0,Enemy
230.8,B0200,N001VE,SEARCH,None,0.0,0.0,0.0,0.0,0.0,Enemy
231.0,A0100,AN/APG-68(V)9,TRACK,B0100,65.04724741632724,0.0,0.0,0.0,0.0,Friendly
231.0,A0200,AN/APG-68(V)9,TRACK,B0100,46.532829804232684,0.0,0.0,0.0,0.0,Friendly
231.0,B0100,N001VE,SEARCH,None,0.0,0.0,0.0,0.0,0.0,Enemy
231.0,B0200,N001VE,SEARCH,None,0.0,0.0,0.0,0.0,0.0,Enemy
231.20000000000002,A0100,AN/APG-68(V)9,TRACK,B0100,65.09234663438131,0.0,0.0,0.0,0.0,Friendly
231.20000000000002,A0200,AN/APG-68(V)9,TRACK,B0100,46.58143271234194,0.0,0.0,0.0,0.0,Friendly
231.20000000000002,B0100,N001VE,SEARCH,None,0.0,0.0,0.0,0.0,0.0,Enemy
231.20000000000002,B0200,N001VE,SEARCH,None,0.0,0.0,0.0,0.0,0.0,Enemy
231.4,A0100,AN/APG-68(V)9,TRACK,B0100,65.1379612299747,0.0,0.0,0.0,0.0,Friendly
231.4,A0200,AN/APG-68(V)9,TRACK,B0100,46.630569943084495,0.0,0.0,0.0,0.0,Friendly
231.4,B0100,N001VE,SEARCH,None,0.0,0.0,0.0,0.0,0.0,Enemy
231.4,B0200,N001VE,SEARCH,None,0.0,0.0,0.0,0.0,0.0,Enemy
231.60000000000002,A0100,AN/APG-68(V)9,TRACK,B0100,65.18439827504434,0.0,0.0,0.0,0.0,Friendly
231.60000000000002,A0200,AN/APG-68(V)9,TRACK,B0100,46.68054685070197,0.0,0.0,0.0,0.0,Friendly
231.60000000000002,B0100,N001VE,SEARCH,None,0.0,0.0,0.0,0.0,0.0,Enemy
231.60000000000002,B0200,N001VE,SEARCH,None,0.0,0.0,0.0,0.0,0.0,Enemy
231.8,A0100,AN/APG-68(V)9,TRACK,B0100,65.23095994133757,0.0,0.0,0.0,0.0,Friendly
231.8,A0200,AN/APG-68(V)9,TRACK,B0100,46.73062539643462,0.0,0.0,0.0,0.0,Friendly
231.8,B0100,N001VE,SEARCH,None,0.0,0.0,0.0,0.0,0.0,Enemy
231.8,B0200,N001VE,SEARCH,None,0.0,0.0,0.0,0.0,0.0,Enemy
232.0,A0100,AN/APG-68(V)9,TRACK,B0100,65.27718555423567,0.0,0.0,0.0,0.0,Friendly
232.0,A0200,AN/APG-68(V)9,TRACK,B0100,46.780289312302344,0.0,0.0,0.0,0.0,Friendly
232.0,B0100,N001VE,SEARCH,None,0.0,0.0,0.0,0.0,0.0,Enemy
232.0,B0200,N001VE,SEARCH,None,0.0,0.0,0.0,0.0,0.0,Enemy
232.20000000000002,A0100,AN/APG-68(V)9,TRACK,B0100,65.32320619198778,0.0,0.0,0.0,0.0,Friendly
232.20000000000002,A0200,AN/APG-68(V)9,TRACK,B0100,46.82963651187165,0.0,0.0,0.0,0.0,Friendly
232.20000000000002,B0100,N001VE,SEARCH,None,0.0,0.0,0.0,0.0,0.0,Enemy
232.20000000000002,B0200,N001VE,SEARCH,None,0.0,0.0,0.0,0.0,0.0,Enemy
232.4,A0100,AN/APG-68(V)9,TRACK,B0100,65.36920572791972,0.0,0.0,0.0,0.0,Friendly
232.4,A0200,AN/APG-68(V)9,TRACK,B0100,46.8789373340771,0.0,0.0,0.0,0.0,Friendly
232.4,B0100,N001VE,SEARCH,None,0.0,0.0,0.0,0.0,0.0,Enemy
232.4,B0200,N001VE,SEARCH,None,0.0,0.0,0.0,0.0,0.0,Enemy
232.60000000000002,A0100,AN/APG-68(V)9,TRACK,B0100,65.41544766164668,0.0,0.0,0.0,0.0,Friendly
232.60000000000002,A0200,AN/APG-68(V)9,TRACK,B0100,46.92856197398274,0.0,0.0,0.0,0.0,Friendly
232.60000000000002,B0100,N001VE,SEARCH,None,0.0,0.0,0.0,0.0,0.0,Enemy
232.60000000000002,B0200,N001VE,SEARCH,None,0.0,0.0,0.0,0.0,0.0,Enemy
232.8,A0100,AN/APG-68(V)9,TRACK,B0100,65.46165539363061,0.0,0.0,0.0,0.0,Friendly
232.8,A0200,AN/APG-68(V)9,TRACK,B0100,46.978159402381344,0.0,0.0,0.0,0.0,Friendly
232.8,B0100,N001VE,SEARCH,None,0.0,0.0,0.0,0.0,0.0,Enemy
232.8,B0200,N001VE,TRACK,A0200,47.41231338045872,-13.477316921223743,-12179.35774625983,0.4236399260540357,12433.43610201313,Enemy
233.0,A0100,AN/APG-68(V)9,TRACK,B0100,65.50754370601094,0.0,0.0,0.0,0.0,Friendly
233.0,A0200,AN/APG-68(V)9,TRACK,B0100,47.02736002256093,0.0,0.0,0.0,0.0,Friendly
233.0,B0100,N001VE,SEARCH,None,0.0,0.0,0.0,0.0,0.0,Enemy
233.0,B0200,N001VE,TRACK,A0200,47.41231338045872,-13.477316921223743,-12179.35774625983,0.407346082744266,12433.43610201313,Enemy
233.20000000000002,A0100,AN/APG-68(V)9,TRACK,B0100,65.55328306478367,0.0,0.0,0.0,0.0,Friendly
233.20000000000002,A0200,AN/APG-68(V)9,TRACK,B0100,47.0763975269254,0.0,0.0,0.0,0.0,Friendly
233.20000000000002,B0100,N001VE,SEARCH,None,0.0,0.0,0.0,0.0,0.0,Enemy
233.20000000000002,B0200,N001VE,TRACK,A0200,47.41231338045872,-13.477316921223743,-12179.35774625983,0.39105223943449396,12433.43610201313,Enemy
233.4,A0100,AN/APG-68(V)9,TRACK,B0100,65.59924273147554,0.0,0.0,0.0,0.0,Friendly
233.4,A0200,AN/APG-68(V)9,TRACK,B0100,47.12559256976619,0.0,0.0,0.0,0.0,Friendly
233.4,B0100,N001VE,SEARCH,None,0.0,0.0,0.0,0.0,0.0,Enemy
233.4,B0200,N001VE,TRACK,A0200,47.41231338045872,-13.477316921223743,-12179.35774625983,0.3747583961247242,12433.43610201313,Enemy
233.60000000000002,A0100,AN/APG-68(V)9,TRACK,B0100,65.64584653993141,0.0,0.0,0.0,0.0,Friendly
233.60000000000002,A0200,AN/APG-68(V)9,TRACK,B0100,47.17527323455697,0.0,0.0,0.0,0.0,Friendly
233.60000000000002,B0100,N001VE,SEARCH,None,0.0,0.0,0.0,0.0,0.0,Enemy
233.60000000000002,B0200,N001VE,TRACK,A0200,47.41231338045872,-13.477316921223743,-12179.35774625983,0.3584645528149522,12433.43610201313,Enemy
233.8,A0100,AN/APG-68(V)9,TRACK,B0100,65.6925777755252,0.0,0.0,0.0,0.0,Friendly
233.8,A0200,AN/APG-68(V)9,TRACK,B0100,47.22486246084167,0.0,0.0,0.0,0.0,Friendly
233.8,B0100,N001VE,SEARCH,None,0.0,0.0,0.0,0.0,0.0,Enemy
233.8,B0200,N001VE,SEARCH,None,0.0,0.0,0.0,0.0,0.0,Enemy
234.0,A0100,AN/APG-68(V)9,TRACK,B0100,65.73890387974062,0.0,0.0,0.0,0.0,Friendly
234.0,A0200,AN/APG-68(V)9,TRACK,B0100,47.27401768342784,0.0,0.0,0.0,0.0,Friendly
234.0,B0100,N001VE,SEARCH,None,0.0,0.0,0.0,0.0,0.0,Enemy
234.0,B0200,N001VE,SEARCH,None,0.0,0.0,0.0,0.0,0.0,Enemy
234.20000000000002,A0100,AN/APG-68(V)9,TRACK,B0100,65.78482154853549,0.0,0.0,0.0,0.0,Friendly
234.20000000000002,A0200,AN/APG-68(V)9,TRACK,B0100,47.3228872862392,0.0,0.0,0.0,0.0,Friendly
234.20000000000002,B0100,N001VE,SEARCH,None,0.0,0.0,0.0,0.0,0.0,Enemy
234.20000000000002,B0200,N001VE,SEARCH,None,0.0,0.0,0.0,0.0,0.0,Enemy
234.4,A0100,AN/APG-68(V)9,TRACK,B0100,65.8306826174993,0.0,0.0,0.0,0.0,Friendly
234.4,A0200,AN/APG-68(V)9,TRACK,B0100,47.37177449599082,0.0,0.0,0.0,0.0,Friendly
234.4,B0100,N001VE,SEARCH,None,0.0,0.0,0.0,0.0,0.0,Enemy
234.4,B0200,N001VE,SEARCH,None,0.0,0.0,0.0,0.0,0.0,Enemy
234.60000000000002,A0100,AN/APG-68(V)9,TRACK,B0100,65.87710833537868,0.0,0.0,0.0,0.0,Friendly
234.60000000000002,A0200,AN/APG-68(V)9,TRACK,B0100,47.42115534028129,0.0,0.0,0.0,0.0,Friendly
234.60000000000002,B0100,N001VE,SEARCH,None,0.0,0.0,0.0,0.0,0.0,Enemy
234.60000000000002,B0200,N001VE,SEARCH,None,0.0,0.0,0.0,0.0,0.0,Enemy
234.8,A0100,AN/APG-68(V)9,TRACK,B0100,65.9240525325919,0.0,0.0,0.0,0.0,Friendly
234.8,A0200,AN/APG-68(V)9,TRACK,B0100,47.47091716395212,0.0,0.0,0.0,0.0,Friendly
234.8,B0100,N001VE,SEARCH,None,0.0,0.0,0.0,0.0,0.0,Enemy
234.8,B0200,N001VE,SEARCH,None,0.0,0.0,0.0,0.0,0.0,Enemy
235.0,A0100,AN/APG-68(V)9,TRACK,B0100,65.97109873658262,0.0,0.0,0.0,0.0,Friendly
235.0,A0200,AN/APG-68(V)9,TRACK,B0100,47.520564225082204,0.0,0.0,0.0,0.0,Friendly
235.0,B0100,N001VE,SEARCH,None,0.0,0.0,0.0,0.0,0.0,Enemy
235.0,B0200,N001VE,SEARCH,None,0.0,0.0,0.0,0.0,0.0,Enemy
235.20000000000002,A0100,AN/APG-68(V)9,TRACK,B0100,66.01809753817592,0.0,0.0,0.0,0.0,Friendly
235.20000000000002,A0200,AN/APG-68(V)9,TRACK,B0100,47.57003499627353,0.0,0.0,0.0,0.0,Friendly
235.20000000000002,B0100,N001VE,SEARCH,None,0.0,0.0,0.0,0.0,0.0,Enemy
235.20000000000002,B0200,N001VE,SEARCH,None,0.0,0.0,0.0,0.0,0.0,Enemy
235.4,A0100,AN/APG-68(V)9,TRACK,B0100,66.06487290947315,0.0,0.0,0.0,0.0,Friendly
235.4,A0200,AN/APG-68(V)9,TRACK,B0100,47.61915555969131,0.0,0.0,0.0,0.0,Friendly
235.4,B0100,N001VE,SEARCH,None,0.0,0.0,0.0,0.0,0.0,Enemy
235.4,B0200,N001VE,SEARCH,None,0.0,0.0,0.0,0.0,0.0,Enemy
235.60000000000002,A0100,AN/APG-68(V)9,TRACK,B0100,66.11141676388682,0.0,0.0,0.0,0.0,Friendly
235.60000000000002,A0200,AN/APG-68(V)9,TRACK,B0100,47.66785781592173,0.0,0.0,0.0,0.0,Friendly
235.60000000000002,B0100,N001VE,SEARCH,None,0.0,0.0,0.0,0.0,0.0,Enemy
235.60000000000002,B0200,N001VE,SEARCH,None,0.0,0.0,0.0,0.0,0.0,Enemy
235.8,A0100,AN/APG-68(V)9,TRACK,B0100,66.15789014151261,0.0,0.0,0.0,0.0,Friendly
235.8,A0200,AN/APG-68(V)9,TRACK,B0100,47.71644428601858,0.0,0.0,0.0,0.0,Friendly
235.8,B0100,N001VE,TRACK,A0200,47.71644428601858,-13.602019079306766,-12080.441108745465,0.41968622428175756,12423.817271571035,Enemy
235.8,B0200,N001VE,SEARCH,None,0.0,0.0,0.0,0.0,0.0,Enemy
236.0,A0100,AN/APG-68(V)9,TRACK,B0100,66.20444577629812,0.0,0.0,0.0,0.0,Friendly
236.0,A0200,AN/APG-68(V)9,TRACK,B0100,47.76518838772285,0.0,0.0,0.0,0.0,Friendly
236.0,B0100,N001VE,TRACK,A0200,47.71644428601858,-13.602019079306766,-12080.441108745465,0.4035444464247677,12423.817271571035,Enemy
236.0,B0200,N001VE,SEARCH,None,0.0,0.0,0.0,0.0,0.0,Enemy
236.20000000000002,A0100,AN/APG-68(V)9,TRACK,B0100,66.25114236696308,0.0,0.0,0.0,0.0,Friendly
236.20000000000002,A0200,AN/APG-68(V)9,TRACK,B0100,47.81412480072524,0.0,0.0,0.0,0.0,Friendly
236.20000000000002,B0100,N001VE,TRACK,A0200,47.71644428601858,-13.602019079306766,-12080.441108745465,0.38740266856777567,12423.817271571035,Enemy
236.20000000000002,B0200,N001VE,SEARCH,None,0.0,0.0,0.0,0.0,0.0,Enemy
236.4,A0100,AN/APG-68(V)9,TRACK,B0100,66.29804757404142,0.0,0.0,0.0,0.0,Friendly
236.4,A0200,AN/APG-68(V)9,TRACK,B0100,47.86311979556782,0.0,0.0,0.0,0.0,Friendly
236.4,B0100,N001VE,TRACK,A0200,47.71644428601858,-13.602019079306766,-12080.441108745465,0.37126089071078583,12423.817271571035,Enemy
236.4,B0200,N001VE,SEARCH,None,0.0,0.0,0.0,0.0,0.0,Enemy
236.60000000000002,A0100,AN/APG-68(V)9,TRACK,B0100,66.34509639941982,0.0,0.0,0.0,0.0,Friendly
236.60000000000002,A0200,AN/APG-68(V)9,TRACK,B0100,47.912070469533035,0.0,0.0,0.0,0.0,Friendly
236.60000000000002,B0100,N001VE,TRACK,A0200,47.71644428601858,-13.602019079306766,-12080.441108745465,0.3551191128537938,12423.817271571035,Enemy
236.60000000000002,B0200,N001VE,SEARCH,None,0.0,0.0,0.0,0.0,0.0,Enemy
236.8,A0100,AN/APG-68(V)9,TRACK,B0100,66.39230628901295,0.0,0.0,0.0,0.0,Friendly
236.8,A0200,AN/APG-68(V)9,TRACK,B0100,47.96104710666132,0.0,0.0,0.0,0.0,Friendly
236.8,B0100,N001VE,SEARCH,None,0.0,0.0,0.0,0.0,0.0,Enemy
236.8,B0200,N001VE,SEARCH,None,0.0,0.0,0.0,0.0,0.0,Enemy
237.0,A0100,AN/APG-68(V)9,TRACK,B0100,66.43964617134401,0.0,0.0,0.0,0.0,Friendly
237.0,A0200,AN/APG-68(V)9,TRACK,B0100,48.010120322666765,0.0,0.0,0.0,0.0,Friendly
237.0,B0100,N001VE,SEARCH,None,0.0,0.0,0.0,0.0,0.0,Enemy
237.0,B0200,N001VE,SEARCH,None,0.0,0.0,0.0,0.0,0.0,Enemy
237.20000000000002,A0100,AN/APG-68(V)9,TRACK,B0100,66.48709118813257,0.0,0.0,0.0,0.0,Friendly
237.20000000000002,A0200,AN/APG-68(V)9,TRACK,B0100,48.05920741058038,0.0,0.0,0.0,0.0,Friendly
237.20000000000002,B0100,N001VE,SEARCH,None,0.0,0.0,0.0,0.0,0.0,Enemy
237.20000000000002,B0200,N001VE,SEARCH,None,0.0,0.0,0.0,0.0,0.0,Enemy
237.4,A0100,AN/APG-68(V)9,TRACK,B0100,66.53478577451027,0.0,0.0,0.0,0.0,Friendly
237.4,A0200,AN/APG-68(V)9,TRACK,B0100,48.10834650739928,0.0,0.0,0.0,0.0,Friendly
237.4,B0100,N001VE,SEARCH,None,0.0,0.0,0.0,0.0,0.0,Enemy
237.4,B0200,N001VE,SEARCH,None,0.0,0.0,0.0,0.0,0.0,Enemy
237.60000000000002,A0100,AN/APG-68(V)9,TRACK,B0100,66.58267786992512,0.0,0.0,0.0,0.0,Friendly
237.60000000000002,A0200,AN/APG-68(V)9,TRACK,B0100,48.157589302262885,0.0,0.0,0.0,0.0,Friendly
237.60000000000002,B0100,N001VE,SEARCH,None,0.0,0.0,0.0,0.0,0.0,Enemy
237.60000000000002,B0200,N001VE,SEARCH,None,0.0,0.0,0.0,0.0,0.0,Enemy
237.8,A0100,AN/APG-68(V)9,TRACK,B0100,66.63062037474661,0.0,0.0,0.0,0.0,Friendly
237.8,A0200,AN/APG-68(V)9,TRACK,B0100,48.2068941671208,0.0,0.0,0.0,0.0,Friendly
237.8,B0100,N001VE,SEARCH,None,0.0,0.0,0.0,0.0,0.0,Enemy
237.8,B0200,N001VE,SEARCH,None,0.0,0.0,0.0,0.0,0.0,Enemy
238.0,A0100,AN/APG-68(V)9,TRACK,B0100,66.67855879020955,0.0,0.0,0.0,0.0,Friendly
238.0,A0200,AN/APG-68(V)9,TRACK,B0100,48.25611623531492,0.0,0.0,0.0,0.0,Friendly
238.0,B0100,N001VE,SEARCH,None,0.0,0.0,0.0,0.0,0.0,Enemy
238.0,B0200,N001VE,SEARCH,None,0.0,0.0,0.0,0.0,0.0,Enemy
238.20000000000002,A0100,AN/APG-68(V)9,TRACK,B0100,66.72662651101028,0.0,0.0,0.0,0.0,Friendly
238.20000000000002,A0200,AN/APG-68(V)9,TRACK,B0100,48.305324400290324,0.0,0.0,0.0,0.0,Friendly
238.20000000000002,B0100,N001VE,SEARCH,None,0.0,0.0,0.0,0.0,0.0,Enemy
238.20000000000002,B0200,N001VE,SEARCH,None,0.0,0.0,0.0,0.0,0.0,Enemy
238.4,A0100,AN/APG-68(V)9,TRACK,B0100,66.77503736125672,0.0,0.0,0.0,0.0,Friendly
238.4,A0200,AN/APG-68(V)9,TRACK,B0100,48.35472658483383,0.0,0.0,0.0,0.0,Friendly
238.4,B0100,N001VE,SEARCH,None,0.0,0.0,0.0,0.0,0.0,Enemy
238.4,B0200,N001VE,SEARCH,None,0.0,0.0,0.0,0.0,0.0,Enemy
238.60000000000002,A0100,AN/APG-68(V)9,TRACK,B0100,66.82373362309467,0.0,0.0,0.0,0.0,Friendly
238.60000000000002,A0200,AN/APG-68(V)9,TRACK,B0100,48.40433310729345,0.0,0.0,0.0,0.0,Friendly
238.60000000000002,B0100,N001VE,SEARCH,None,0.0,0.0,0.0,0.0,0.0,Enemy
238.60000000000002,B0200,N001VE,SEARCH,None,0.0,0.0,0.0,0.0,0.0,Enemy
238.8,A0100,AN/APG-68(V)9,TRACK,B0100,66.87254535633673,0.0,0.0,0.0,0.0,Friendly
238.8,A0200,AN/APG-68(V)9,TRACK,B0100,48.453976355402034,0.0,0.0,0.0,0.0,Friendly
238.8,B0100,N001VE,SEARCH,None,0.0,0.0,0.0,0.0,0.0,Enemy
238.8,B0200,N001VE,SEARCH,None,0.0,0.0,0.0,0.0,0.0,Enemy
239.0,A0100,AN/APG-68(V)9,TRACK,B0100,66.92129889196073,0.0,0.0,0.0,0.0,Friendly
239.0,A0200,AN/APG-68(V)9,TRACK,B0100,48.50347780670407,0.0,0.0,0.0,0.0,Friendly
239.0,B0100,N001VE,SEARCH,None,0.0,0.0,0.0,0.0,0.0,Enemy
239.0,B0200,N001VE,SEARCH,None,0.0,0.0,0.0,0.0,0.0,Enemy
239.20000000000002,A0100,AN/APG-68(V)9,TRACK,B0100,66.96970040943604,0.0,0.0,0.0,0.0,Friendly
239.20000000000002,A0200,AN/APG-68(V)9,TRACK,B0100,48.55270272357894,0.0,0.0,0.0,0.0,Friendly
239.20000000000002,B0100,N001VE,SEARCH,None,0.0,0.0,0.0,0.0,0.0,Enemy
239.20000000000002,B0200,N001VE,SEARCH,None,0.0,0.0,0.0,0.0,0.0,Enemy
239.4,A0100,AN/APG-68(V)9,TRACK,B0100,67.01775228115746,0.0,0.0,0.0,0.0,Friendly
239.4,A0200,AN/APG-68(V)9,TRACK,B0100,48.601721520565654,0.0,0.0,0.0,0.0,Friendly
239.4,B0100,N001VE,SEARCH,None,0.0,0.0,0.0,0.0,0.0,Enemy
239.4,B0200,N001VE,SEARCH,None,0.0,0.0,0.0,0.0,0.0,Enemy
239.60000000000002,A0100,AN/APG-68(V)9,TRACK,B0100,67.0658115521358,0.0,0.0,0.0,0.0,Friendly
239.60000000000002,A0200,AN/APG-68(V)9,TRACK,B0100,48.65073974970265,0.0,0.0,0.0,0.0,Friendly
239.60000000000002,B0100,N001VE,SEARCH,None,0.0,0.0,0.0,0.0,0.0,Enemy
239.60000000000002,B0200,N001VE,SEARCH,None,0.0,0.0,0.0,0.0,0.0,Enemy
239.8,A0100,AN/APG-68(V)9,TRACK,B0100,67.11415690950972,0.0,0.0,0.0,0.0,Friendly
239.8,A0200,AN/APG-68(V)9,TRACK,B0100,48.699955295734796,0.0,0.0,0.0,0.0,Friendly
239.8,B0100,N001VE,TRACK,A0200,48.699955295734796,-13.984171009363823,-12010.102761340358,0.4069005811554468,12383.35572097719,Enemy
239.8,B0200,N001VE,TRACK,A0200,49.09371175785389,-14.128576306442078,-12063.228410910982,0.4017817471478986,12363.380931793592,Enemy
240.0,A0100,AN/APG-68(V)9,TRACK,B0100,67.16276896090069,0.0,0.0,0.0,0.0,Friendly
240.0,A0200,AN/APG-68(V)9,TRACK,B0100,48.74929853896808,0.0,0.0,0.0,0.0,Friendly
240.0,B0100,N001VE,TRACK,A0200,48.699955295734796,-13.984171009363823,-12010.102761340358,0.39125055880331505,12383.35572097719,Enemy
240.0,B0200,N001VE,TRACK,A0200,49.09371175785389,-14.128576306442078,-12063.228410910982,0.38632860302682637,12363.380931793592,Enemy
240.20000000000002,A0100,AN/APG-68(V)9,TRACK,B0100,67.21150096132003,0.0,0.0,0.0,0.0,Friendly
240.20000000000002,A0200,AN/APG-68(V)9,TRACK,B0100,48.79867985517192,0.0,0.0,0.0,0.0,Friendly
240.20000000000002,B0100,N001VE,TRACK,A0200,48.699955295734796,-13.984171009363823,-12010.102761340358,0.37560053645118113,12383.35572097719,Enemy
240.20000000000002,B0200,N001VE,TRACK,A0200,49.09371175785389,-14.128576306442078,-12063.228410910982,0.370875458905752,12363.380931793592,Enemy
240.4,A0100,AN/APG-68(V)9,TRACK,B0100,67.26025631287868,0.0,0.0,0.0,0.0,Friendly
240.4,A0200,AN/APG-68(V)9,TRACK,B0100,48.84802094983321,0.0,0.0,0.0,0.0,Friendly
240.4,B0100,N001VE,TRACK,A0200,48.699955295734796,-13.984171009363823,-12010.102761340358,0.3599505140990494,12383.35572097719,Enemy
240.4,B0200,N001VE,TRACK,A0200,49.09371175785389,-14.128576306442078,-12063.228410910982,0.3554223147846798,12363.380931793592,Enemy
240.60000000000002,A0100,AN/APG-68(V)9,TRACK,B0100,67.30914532016037,0.0,0.0,0.0,0.0,Friendly
240.60000000000002,A0200,AN/APG-68(V)9,TRACK,B0100,48.897456403865775,0.0,0.0,0.0,0.0,Friendly
240.60000000000002,B0100,N001VE,TRACK,A0200,48.699955295734796,-13.984171009363823,-12010.102761340358,0.34430049174691546,12383.35572097719,Enemy
240.60000000000002,B0200,N001VE,TRACK,A0200,49.09371175785389,-14.128576306442078,-12063.228410910982,0.33996917066360544,12363.380931793592,Enemy
240.8,A0100,AN/APG-68(V)9,TRACK,B0100,67.35814118761805,0.0,0.0,0.0,0.0,Friendly
240.8,A0200,AN/APG-68(V)9,TRACK,B0100,48.94701871118543,0.0,0.0,0.0,0.0,Friendly
240.8,B0100,N001VE,SEARCH,None,0.0,0.0,0.0,0.0,0.0,Enemy
240.8,B0200,N001VE,SEARCH,None,0.0,0.0,0.0,0.0,0.0,Enemy
241.0,A0100,AN/APG-68(V)9,TRACK,B0100,67.40701348033204,0.0,0.0,0.0,0.0,Friendly
241.0,A0200,AN/APG-68(V)9,TRACK,B0100,48.99657083991316,0.0,0.0,0.0,0.0,Friendly
241.0,B0100,N001VE,SEARCH,None,0.0,0.0,0.0,0.0,0.0,Enemy
241.0,B0200,N001VE,SEARCH,None,0.0,0.0,0.0,0.0,0.0,Enemy
241.20000000000002,A0100,AN/APG-68(V)9,TRACK,B0100,67.45556166581281,0.0,0.0,0.0,0.0,Friendly
241.20000000000002,A0200,AN/APG-68(V)9,TRACK,B0100,49.04589609416893,0.0,0.0,0.0,0.0,Friendly
241.20000000000002,B0100,N001VE,SEARCH,None,0.0,0.0,0.0,0.0,0.0,Enemy
241.20000000000002,B0200,N001VE,SEARCH,None,0.0,0.0,0.0,0.0,0.0,Enemy
241.4,A0100,AN/APG-68(V)9,TRACK,B0100,67.50393986932843,0.0,0.0,0.0,0.0,Friendly
241.4,A0200,AN/APG-68(V)9,TRACK,B0100,49.095027397819,0.0,0.0,0.0,0.0,Friendly
241.4,B0100,N001VE,SEARCH,None,0.0,0.0,0.0,0.0,0.0,Enemy
241.4,B0200,N001VE,SEARCH,None,0.0,0.0,0.0,0.0,0.0,Enemy
241.60000000000002,A0100,AN/APG-68(V)9,TRACK,B0100,67.55244512415472,0.0,0.0,0.0,0.0,Friendly
241.60000000000002,A0200,AN/APG-68(V)9,TRACK,B0100,49.14431055339504,0.0,0.0,0.0,0.0,Friendly
241.60000000000002,B0100,N001VE,SEARCH,None,0.0,0.0,0.0,0.0,0.0,Enemy
241.60000000000002,B0200,N001VE,SEARCH,None,0.0,0.0,0.0,0.0,0.0,Enemy
241.8,A0100,AN/APG-68(V)9,TRACK,B0100,67.6011230637456,0.0,0.0,0.0,0.0,Friendly
241.8,A0200,AN/APG-68(V)9,TRACK,B0100,49.19376237034857,0.0,0.0,0.0,0.0,Friendly
241.8,B0100,N001VE,SEARCH,None,0.0,0.0,0.0,0.0,0.0,Enemy
241.8,B0200,N001VE,TRACK,A0200,49.56807102428902,-14.308859473178691,-12027.866392170094,0.3956150766842419,12343.786487024261,Enemy
242.0,A0100,AN/APG-68(V)9,TRACK,B0100,67.6498723660854,0.0,0.0,0.0,0.0,Friendly
242.0,A0200,AN/APG-68(V)9,TRACK,B0100,49.243230025717395,0.0,0.0,0.0,0.0,Friendly
242.0,B0100,N001VE,SEARCH,None,0.0,0.0,0.0,0.0,0.0,Enemy
242.0,B0200,N001VE,TRACK,A0200,49.56807102428902,-14.308859473178691,-12027.866392170094,0.3803991121963872,12343.786487024261,Enemy
242.20000000000002,A0100,AN/APG-68(V)9,TRACK,B0100,67.69860571268545,0.0,0.0,0.0,0.0,Friendly
242.20000000000002,A0200,AN/APG-68(V)9,TRACK,B0100,49.29262893555531,0.0,0.0,0.0,0.0,Friendly
242.20000000000002,B0100,N001VE,SEARCH,None,0.0,0.0,0.0,0.0,0.0,Enemy
242.20000000000002,B0200,N001VE,TRACK,A0200,49.56807102428902,-14.308859473178691,-12027.866392170094,0.36518314770853044,12343.786487024261,Enemy
242.4,A0100,AN/APG-68(V)9,TRACK,B0100,67.7474496340615,0.0,0.0,0.0,0.0,Friendly
242.4,A0200,AN/APG-68(V)9,TRACK,B0100,49.34214048133924,0.0,0.0,0.0,0.0,Friendly
242.4,B0100,N001VE,SEARCH,None,0.0,0.0,0.0,0.0,0.0,Enemy
242.4,B0200,N001VE,TRACK,A0200,49.56807102428902,-14.308859473178691,-12027.866392170094,0.34996718322067577,12343.786487024261,Enemy
242.60000000000002,A0100,AN/APG-68(V)9,TRACK,B0100,67.79659905948981,0.0,0.0,0.0,0.0,Friendly
242.60000000000002,A0200,AN/APG-68(V)9,TRACK,B0100,49.39200256195149,0.0,0.0,0.0,0.0,Friendly
242.60000000000002,B0100,N001VE,SEARCH,None,0.0,0.0,0.0,0.0,0.0,Enemy
242.60000000000002,B0200,N001VE,TRACK,A0200,49.56807102428902,-14.308859473178691,-12027.866392170094,0.33475121873281904,12343.786487024261,Enemy
242.8,A0100,AN/APG-68(V)9,TRACK,B0100,67.84597014354543,0.0,0.0,0.0,0.0,Friendly
242.8,A0200,AN/APG-68(V)9,TRACK,B0100,49.44205810739117,0.0,0.0,0.0,0.0,Friendly
242.8,B0100,N001VE,TRACK,A0200,49.44205810739117,-14.271762275828124,-11969.000812569078,0.397253244603914,12355.087049129157,Enemy
242.8,B0200,N001VE,TRACK,A0200,49.80799152407003,-14.400103682100701,-12023.199709554649,0.3924961101870887,12334.259182185384,Enemy
243.0,A0100,AN/APG-68(V)9,TRACK,B0100,67.89533246534897,0.0,0.0,0.0,0.0,Friendly
243.0,A0200,AN/APG-68(V)9,TRACK,B0100,49.49211453415896,0.0,0.0,0.0,0.0,Friendly
243.0,B0100,N001VE,TRACK,A0200,49.44205810739117,-14.271762275828124,-11969.000812569078,0.3819742736576104,12355.087049129157,Enemy
243.0,B0200,N001VE,TRACK,A0200,49.80799152407003,-14.400103682100701,-12023.199709554649,0.37740010594912454,12334.259182185384,Enemy
243.20000000000002,A0100,AN/APG-68(V)9,TRACK,B0100,67.94456462912363,0.0,0.0,0.0,0.0,Friendly
243.20000000000002,A0200,AN/APG-68(V)9,TRACK,B0100,49.542106315006464,0.0,0.0,0.0,0.0,Friendly
243.20000000000002,B0100,N001VE,TRACK,A0200,49.44205810739117,-14.271762275828124,-11969.000812569078,0.3666953027113047,12355.087049129157,Enemy
243.20000000000002,B0200,N001VE,TRACK,A0200,49.80799152407003,-14.400103682100701,-12023.199709554649,0.3623041017111583,12334.259182185384,Enemy
243.4,A0100,AN/APG-68(V)9,TRACK,B0100,67.99368874473457,0.0,0.0,0.0,0.0,Friendly
243.4,A0200,AN/APG-68(V)9,TRACK,B0100,49.59203386824879,0.0,0.0,0.0,0.0,Friendly
243.4,B0100,N001VE,TRACK,A0200,49.44205810739117,-14.271762275828124,-11969.000812569078,0.3514163317650011,12355.087049129157,Enemy
243.4,B0200,N001VE,TRACK,A0200,49.80799152407003,-14.400103682100701,-12023.199709554649,0.34720809747319414,12334.259182185384,Enemy
243.60000000000002,A0100,AN/APG-68(V)9,TRACK,B0100,68.04242220088173,0.0,0.0,0.0,0.0,Friendly
243.60000000000002,A0200,AN/APG-68(V)9,TRACK,B0100,49.64154078226075,0.0,0.0,0.0,0.0,Friendly
243.60000000000002,B0100,N001VE,TRACK,A0200,49.44205810739117,-14.271762275828124,-11969.000812569078,0.3361373608186954,12355.087049129157,Enemy
243.60000000000002,B0200,N001VE,TRACK,A0200,49.80799152407003,-14.400103682100701,-12023.199709554649,0.3321120932352279,12334.259182185384,Enemy
243.8,A0100,AN/APG-68(V)9,TRACK,B0100,68.09068576148506,0.0,0.0,0.0,0.0,Friendly
243.8,A0200,AN/APG-68(V)9,TRACK,B0100,49.69050017289387,0.0,0.0,0.0,0.0,Friendly
243.8,B0100,N001VE,SEARCH,None,0.0,0.0,0.0,0.0,0.0,Enemy
243.8,B0200,N001VE,SEARCH,None,0.0,0.0,0.0,0.0,0.0,Enemy
244.0,A0100,AN/APG-68(V)9,TRACK,B0100,68.1386100539985,0.0,0.0,0.0,0.0,Friendly
244.0,A0200,AN/APG-68(V)9,TRACK,B0100,49.73906156000048,0.0,0.0,0.0,0.0,Friendly
244.0,B0100,N001VE,SEARCH,None,0.0,0.0,0.0,0.0,0.0,Enemy
244.0,B0200,N001VE,SEARCH,None,0.0,0.0,0.0,0.0,0.0,Enemy
244.20000000000002,A0100,AN/APG-68(V)9,TRACK,B0100,68.18633519774059,0.0,0.0,0.0,0.0,Friendly
244.20000000000002,A0200,AN/APG-68(V)9,TRACK,B0100,49.78740708170467,0.0,0.0,0.0,0.0,Friendly
244.20000000000002,B0100,N001VE,SEARCH,None,0.0,0.0,0.0,0.0,0.0,Enemy
244.20000000000002,B0200,N001VE,SEARCH,None,0.0,0.0,0.0,0.0,0.0,Enemy
244.4,A0100,AN/APG-68(V)9,TRACK,B0100,68.2340393041391,0.0,0.0,0.0,0.0,Friendly
244.4,A0200,AN/APG-68(V)9,TRACK,B0100,49.83567433453775,0.0,0.0,0.0,0.0,Friendly
244.4,B0100,N001VE,SEARCH,None,0.0,0.0,0.0,0.0,0.0,Enemy
244.4,B0200,N001VE,SEARCH,None,0.0,0.0,0.0,0.0,0.0,Enemy
244.60000000000002,A0100,AN/APG-68(V)9,TRACK,B0100,68.28165780865065,0.0,0.0,0.0,0.0,Friendly
244.60000000000002,A0200,AN/APG-68(V)9,TRACK,B0100,49.8837846070697,0.0,0.0,0.0,0.0,Friendly
244.60000000000002,B0100,N001VE,SEARCH,None,0.0,0.0,0.0,0.0,0.0,Enemy
244.60000000000002,B0200,N001VE,SEARCH,None,0.0,0.0,0.0,0.0,0.0,Enemy
244.8,A0100,AN/APG-68(V)9,TRACK,B0100,68.32870254761858,0.0,0.0,0.0,0.0,Friendly
244.8,A0200,AN/APG-68(V)9,TRACK,B0100,49.931347479247194,0.0,0.0,0.0,0.0,Friendly
244.8,B0100,N001VE,TRACK,A0200,49.931347479247194,-14.460304348505876,-11995.900247831965,0.3908924827697856,12337.063692430136,Enemy
244.8,B0200,N001VE,SEARCH,None,0.0,0.0,0.0,0.0,0.0,Enemy
245.0,A0100,AN/APG-68(V)9,TRACK,B0100,68.37500230707877,0.0,0.0,0.0,0.0,Friendly
245.0,A0200,AN/APG-68(V)9,TRACK,B0100,49.97832847586385,0.0,0.0,0.0,0.0,Friendly
245.0,B0100,N001VE,TRACK,A0200,49.931347479247194,-14.460304348505876,-11995.900247831965,0.37585815650941,12337.063692430136,Enemy
245.0,B0200,N001VE,SEARCH,None,0.0,0.0,0.0,0.0,0.0,Enemy
245.20000000000002,A0100,AN/APG-68(V)9,TRACK,B0100,68.42074065432047,0.0,0.0,0.0,0.0,Friendly
245.20000000000002,A0200,AN/APG-68(V)9,TRACK,B0100,50.024892971531806,0.0,0.0,0.0,0.0,Friendly
245.20000000000002,B0100,N001VE,TRACK,A0200,49.931347479247194,-14.460304348505876,-11995.900247831965,0.36082383024903236,12337.063692430136,Enemy
245.20000000000002,B0200,N001VE,SEARCH,None,0.0,0.0,0.0,0.0,0.0,Enemy
245.4,A0100,AN/APG-68(V)9,TRACK,B0100,68.4662680058728,0.0,0.0,0.0,0.0,Friendly
245.4,A0200,AN/APG-68(V)9,TRACK,B0100,50.071413741996,0.0,0.0,0.0,0.0,Friendly
245.4,B0100,N001VE,SEARCH,None,0.0,0.0,0.0,0.0,0.0,Enemy
245.4,B0200,N001VE,SEARCH,None,0.0,0.0,0.0,0.0,0.0,Enemy
245.60000000000002,A0100,AN/APG-68(V)9,TRACK,B0100,68.51181900747811,0.0,0.0,0.0,0.0,Friendly
245.60000000000002,A0200,AN/APG-68(V)9,TRACK,B0100,50.11807336059975,0.0,0.0,0.0,0.0,Friendly
245.60000000000002,B0100,N001VE,SEARCH,None,0.0,0.0,0.0,0.0,0.0,Enemy
245.60000000000002,B0200,N001VE,SEARCH,None,0.0,0.0,0.0,0.0,0.0,Enemy
245.8,A0100,AN/APG-68(V)9,TRACK,B0100,68.5576607367862,0.0,0.0,0.0,0.0,Friendly
245.8,A0200,AN/APG-68(V)9,TRACK,B0100,50.165031813366966,0.0,0.0,0.0,0.0,Friendly
245.8,B0100,N001VE,SEARCH,None,0.0,0.0,0.0,0.0,0.0,Enemy
245.8,B0200,N001VE,SEARCH,None,0.0,0.0,0.0,0.0,0.0,Enemy
246.0,A0100,AN/APG-68(V)9,TRACK,B0100,68.60418233811376,0.0,0.0,0.0,0.0,Friendly
246.0,A0200,AN/APG-68(V)9,TRACK,B0100,50.212613340142425,0.0,0.0,0.0,0.0,Friendly
246.0,B0100,N001VE,SEARCH,None,0.0,0.0,0.0,0.0,0.0,Enemy
246.0,B0200,N001VE,SEARCH,None,0.0,0.0,0.0,0.0,0.0,Enemy
246.20000000000002,A0100,AN/APG-68(V)9,TRACK,B0100,68.65105934800171,0.0,0.0,0.0,0.0,Friendly
246.20000000000002,A0200,AN/APG-68(V)9,TRACK,B0100,50.26051447846255,0.0,0.0,0.0,0.0,Friendly
246.20000000000002,B0100,N001VE,SEARCH,None,0.0,0.0,0.0,0.0,0.0,Enemy
246.20000000000002,B0200,N001VE,SEARCH,None,0.0,0.0,0.0,0.0,0.0,Enemy
246.4,A0100,AN/APG-68(V)9,TRACK,B0100,68.69756431856223,0.0,0.0,0.0,0.0,Friendly
246.4,A0200,AN/APG-68(V)9,TRACK,B0100,50.308036409370935,0.0,0.0,0.0,0.0,Friendly
246.4,B0100,N001VE,SEARCH,None,0.0,0.0,0.0,0.0,0.0,Enemy
246.4,B0200,N001VE,SEARCH,None,0.0,0.0,0.0,0.0,0.0,Enemy
246.60000000000002,A0100,AN/APG-68(V)9,TRACK,B0100,68.74349159241379,0.0,0.0,0.0,0.0,Friendly
246.60000000000002,A0200,AN/APG-68(V)9,TRACK,B0100,50.354978170610245,0.0,0.0,0.0,0.0,Friendly
246.60000000000002,B0100,N001VE,SEARCH,None,0.0,0.0,0.0,0.0,0.0,Enemy
246.60000000000002,B0200,N001VE,SEARCH,None,0.0,0.0,0.0,0.0,0.0,Enemy
246.8,A0100,AN/APG-68(V)9,TRACK,B0100,68.7893848791995,0.0,0.0,0.0,0.0,Friendly
246.8,A0200,AN/APG-68(V)9,TRACK,B0100,50.40188467656485,0.0,0.0,0.0,0.0,Friendly
246.8,B0100,N001VE,SEARCH,None,0.0,0.0,0.0,0.0,0.0,Enemy
246.8,B0200,N001VE,SEARCH,None,0.0,0.0,0.0,0.0,0.0,Enemy
247.0,A0100,AN/APG-68(V)9,TRACK,B0100,68.83562380000842,0.0,0.0,0.0,0.0,Friendly
247.0,A0200,AN/APG-68(V)9,TRACK,B0100,50.449137395831244,0.0,0.0,0.0,0.0,Friendly
247.0,B0100,N001VE,SEARCH,None,0.0,0.0,0.0,0.0,0.0,Enemy
247.0,B0200,N001VE,SEARCH,None,0.0,0.0,0.0,0.0,0.0,Enemy
247.20000000000002,A0100,AN/APG-68(V)9,TRACK,B0100,68.88217555604008,0.0,0.0,0.0,0.0,Friendly
247.20000000000002,A0200,AN/APG-68(V)9,TRACK,B0100,50.4967536362225,0.0,0.0,0.0,0.0,Friendly
247.20000000000002,B0100,N001VE,SEARCH,None,0.0,0.0,0.0,0.0,0.0,Enemy
247.20000000000002,B0200,N001VE,SEARCH,None,0.0,0.0,0.0,0.0,0.0,Enemy
247.4,A0100,AN/APG-68(V)9,TRACK,B0100,68.92877173710875,0.0,0.0,0.0,0.0,Friendly
247.4,A0200,AN/APG-68(V)9,TRACK,B0100,50.544438249163214,0.0,0.0,0.0,0.0,Friendly
247.4,B0100,N001VE,SEARCH,None,0.0,0.0,0.0,0.0,0.0,Enemy
247.4,B0200,N001VE,SEARCH,None,0.0,0.0,0.0,0.0,0.0,Enemy
247.60000000000002,A0100,AN/APG-68(V)9,TRACK,B0100,68.9748860045164,0.0,0.0,0.0,0.0,Friendly
247.60000000000002,A0200,AN/APG-68(V)9,TRACK,B0100,50.59160687905977,0.0,0.0,0.0,0.0,Friendly
247.60000000000002,B0100,N001VE,SEARCH,None,0.0,0.0,0.0,0.0,0.0,Enemy
247.60000000000002,B0200,N001VE,SEARCH,None,0.0,0.0,0.0,0.0,0.0,Enemy
247.8,A0100,AN/APG-68(V)9,TRACK,B0100,69.02040572994949,0.0,0.0,0.0,0.0,Friendly
247.8,A0200,AN/APG-68(V)9,TRACK,B0100,50.6381552253555,0.0,0.0,0.0,0.0,Friendly
247.8,B0100,N001VE,TRACK,A0200,50.6381552253555,-14.729030745786869,-12067.08322973966,0.3817039820703777,12310.628593350975,Enemy
247.8,B0200,N001VE,SEARCH,None,0.0,0.0,0.0,0.0,0.0,Enemy
248.0,A0100,AN/APG-68(V)9,TRACK,B0100,69.06589412322498,0.0,0.0,0.0,0.0,Friendly
248.0,A0200,AN/APG-68(V)9,TRACK,B0100,50.68465130668593,0.0,0.0,0.0,0.0,Friendly
248.0,B0100,N001VE,TRACK,A0200,50.6381552253555,-14.729030745786869,-12067.08322973966,0.36702305968305626,12310.628593350975,Enemy
248.0,B0200,N001VE,SEARCH,None,0.0,0.0,0.0,0.0,0.0,Enemy
248.20000000000002,A0100,AN/APG-68(V)9,TRACK,B0100,69.11164423914306,0.0,0.0,0.0,0.0,Friendly
248.20000000000002,A0200,AN/APG-68(V)9,TRACK,B0100,50.73140110736574,0.0,0.0,0.0,0.0,Friendly
248.20000000000002,B0100,N001VE,SEARCH,None,0.0,0.0,0.0,0.0,0.0,Enemy
248.20000000000002,B0200,N001VE,SEARCH,None,0.0,0.0,0.0,0.0,0.0,Enemy
248.4,A0100,AN/APG-68(V)9,TRACK,B0100,69.15767045276115,0.0,0.0,0.0,0.0,Friendly
248.4,A0200,AN/APG-68(V)9,TRACK,B0100,50.77842137383261,0.0,0.0,0.0,0.0,Friendly
248.4,B0100,N001VE,SEARCH,None,0.0,0.0,0.0,0.0,0.0,Enemy
248.4,B0200,N001VE,SEARCH,None,0.0,0.0,0.0,0.0,0.0,Enemy
248.60000000000002,A0100,AN/APG-68(V)9,TRACK,B0100,69.20414242270887,0.0,0.0,0.0,0.0,Friendly
248.60000000000002,A0200,AN/APG-68(V)9,TRACK,B0100,50.82594906929898,0.0,0.0,0.0,0.0,Friendly
248.60000000000002,B0100,N001VE,SEARCH,None,0.0,0.0,0.0,0.0,0.0,Enemy
248.60000000000002,B0200,N001VE,SEARCH,None,0.0,0.0,0.0,0.0,0.0,Enemy
248.8,A0100,AN/APG-68(V)9,TRACK,B0100,69.25111445907959,0.0,0.0,0.0,0.0,Friendly
248.8,A0200,AN/APG-68(V)9,TRACK,B0100,50.873961475162474,0.0,0.0,0.0,0.0,Friendly
248.8,B0100,N001VE,SEARCH,None,0.0,0.0,0.0,0.0,0.0,Enemy
248.8,B0200,N001VE,SEARCH,None,0.0,0.0,0.0,0.0,0.0,Enemy
249.0,A0100,AN/APG-68(V)9,TRACK,B0100,69.29811658448524,0.0,0.0,0.0,0.0,Friendly
249.0,A0200,AN/APG-68(V)9,TRACK,B0100,50.92188620420343,0.0,0.0,0.0,0.0,Friendly
249.0,B0100,N001VE,SEARCH,None,0.0,0.0,0.0,0.0,0.0,Enemy
249.0,B0200,N001VE,SEARCH,None,0.0,0.0,0.0,0.0,0.0,Enemy
249.20000000000002,A0100,AN/APG-68(V)9,TRACK,B0100,69.34458304989033,0.0,0.0,0.0,0.0,Friendly
249.20000000000002,A0200,AN/APG-68(V)9,TRACK,B0100,50.969206700354626,0.0,0.0,0.0,0.0,Friendly
249.20000000000002,B0100,N001VE,SEARCH,None,0.0,0.0,0.0,0.0,0.0,Enemy
249.20000000000002,B0200,N001VE,SEARCH,None,0.0,0.0,0.0,0.0,0.0,Enemy
249.4,A0100,AN/APG-68(V)9,TRACK,B0100,69.39028900563056,0.0,0.0,0.0,0.0,Friendly
249.4,A0200,AN/APG-68(V)9,TRACK,B0100,51.01571804401004,0.0,0.0,0.0,0.0,Friendly
249.4,B0100,N001VE,SEARCH,None,0.0,0.0,0.0,0.0,0.0,Enemy
249.4,B0200,N001VE,SEARCH,None,0.0,0.0,0.0,0.0,0.0,Enemy
249.60000000000002,A0100,AN/APG-68(V)9,TRACK,B0100,69.43543996962362,0.0,0.0,0.0,0.0,Friendly
249.60000000000002,A0200,AN/APG-68(V)9,TRACK,B0100,51.06149240625331,0.0,0.0,0.0,0.0,Friendly
249.60000000000002,B0100,N001VE,SEARCH,None,0.0,0.0,0.0,0.0,0.0,Enemy
249.60000000000002,B0200,N001VE,SEARCH,None,0.0,0.0,0.0,0.0,0.0,Enemy
249.8,A0100,AN/APG-68(V)9,TRACK,B0100,69.48028007308945,0.0,0.0,0.0,0.0,Friendly
249.8,A0200,AN/APG-68(V)9,TRACK,B0100,51.10672314686329,0.0,0.0,0.0,0.0,Friendly
249.8,B0100,N001VE,SEARCH,None,0.0,0.0,0.0,0.0,0.0,Enemy
249.8,B0200,N001VE,TRACK,A0200,51.48703567369927,-15.03699048466325,-12083.28715809382,0.37066853624190865,12272.968758019384,Enemy
250.0,A0100,AN/APG-68(V)9,TRACK,B0100,69.5251275621867,0.0,0.0,0.0,0.0,Friendly
250.0,A0200,AN/APG-68(V)9,TRACK,B0100,51.15191534919356,0.0,0.0,0.0,0.0,Friendly
250.0,B0100,N001VE,SEARCH,None,0.0,0.0,0.0,0.0,0.0,Enemy
250.0,B0200,N001VE,TRACK,A0200,51.48703567369927,-15.03699048466325,-12083.28715809382,0.3564120540787591,12272.968758019384,Enemy
250.20000000000002,A0100,AN/APG-68(V)9,TRACK,B0100,69.57006267157288,0.0,0.0,0.0,0.0,Friendly
250.20000000000002,A0200,AN/APG-68(V)9,TRACK,B0100,51.197306929313534,0.0,0.0,0.0,0.0,Friendly
250.20000000000002,B0100,N001VE,SEARCH,None,0.0,0.0,0.0,0.0,0.0,Enemy
250.20000000000002,B0200,N001VE,TRACK,A0200,51.48703567369927,-15.03699048466325,-12083.28715809382,0.3421555719156075,12272.968758019384,Enemy
250.4,A0100,AN/APG-68(V)9,TRACK,B0100,69.61520876686308,0.0,0.0,0.0,0.0,Friendly
250.4,A0200,AN/APG-68(V)9,TRACK,B0100,51.24303726925903,0.0,0.0,0.0,0.0,Friendly
250.4,B0100,N001VE,SEARCH,None,0.0,0.0,0.0,0.0,0.0,Enemy
250.4,B0200,N001VE,TRACK,A0200,51.48703567369927,-15.03699048466325,-12083.28715809382,0.32789908975245796,12272.968758019384,Enemy
250.60000000000002,A0100,AN/APG-68(V)9,TRACK,B0100,69.66089415481731,0.0,0.0,0.0,0.0,Friendly
250.60000000000002,A0200,AN/APG-68(V)9,TRACK,B0100,51.28919312197693,0.0,0.0,0.0,0.0,Friendly
250.60000000000002,B0100,N001VE,SEARCH,None,0.0,0.0,0.0,0.0,0.0,Enemy
250.60000000000002,B0200,N001VE,TRACK,A0200,51.48703567369927,-15.03699048466325,-12083.28715809382,0.3136426075893064,12272.968758019384,Enemy
250.8,A0100,AN/APG-68(V)9,TRACK,B0100,69.70661231185998,0.0,0.0,0.0,0.0,Friendly
250.8,A0200,AN/APG-68(V)9,TRACK,B0100,51.335181224468734,0.0,0.0,0.0,0.0,Friendly
250.8,B0100,N001VE,SEARCH,None,0.0,0.0,0.0,0.0,0.0,Enemy
250.8,B0200,N001VE,SEARCH,None,0.0,0.0,0.0,0.0,0.0,Enemy
251.0,A0100,AN/APG-68(V)9,TRACK,B0100,69.75187826725302,0.0,0.0,0.0,0.0,Friendly
251.0,A0200,AN/APG-68(V)9,TRACK,B0100,51.38109745727993,0.0,0.0,0.0,0.0,Friendly
251.0,B0100,N001VE,SEARCH,None,0.0,0.0,0.0,0.0,0.0,Enemy
251.0,B0200,N001VE,SEARCH,None,0.0,0.0,0.0,0.0,0.0,Enemy
251.20000000000002,A0100,AN/APG-68(V)9,TRACK,B0100,69.79676959519067,0.0,0.0,0.0,0.0,Friendly
251.20000000000002,A0200,AN/APG-68(V)9,TRACK,B0100,51.42770466670462,0.0,0.0,0.0,0.0,Friendly
251.20000000000002,B0100,N001VE,SEARCH,None,0.0,0.0,0.0,0.0,0.0,Enemy
251.20000000000002,B0200,N001VE,SEARCH,None,0.0,0.0,0.0,0.0,0.0,Enemy
251.4,A0100,AN/APG-68(V)9,TRACK,B0100,69.8415268135884,0.0,0.0,0.0,0.0,Friendly
251.4,A0200,AN/APG-68(V)9,TRACK,B0100,51.475398950808696,0.0,0.0,0.0,0.0,Friendly
251.4,B0100,N001VE,SEARCH,None,0.0,0.0,0.0,0.0,0.0,Enemy
251.4,B0200,N001VE,SEARCH,None,0.0,0.0,0.0,0.0,0.0,Enemy
251.60000000000002,A0100,AN/APG-68(V)9,TRACK,B0100,69.8865082188936,0.0,0.0,0.0,0.0,Friendly
251.60000000000002,A0200,AN/APG-68(V)9,TRACK,B0100,51.52430125052996,0.0,0.0,0.0,0.0,Friendly
251.60000000000002,B0100,N001VE,SEARCH,None,0.0,0.0,0.0,0.0,0.0,Enemy
251.60000000000002,B0200,N001VE,SEARCH,None,0.0,0.0,0.0,0.0,0.0,Enemy
251.8,A0100,AN/APG-68(V)9,TRACK,B0100,69.93148185300166,0.0,0.0,0.0,0.0,Friendly
251.8,A0200,AN/APG-68(V)9,TRACK,B0100,51.573778111686735,0.0,0.0,0.0,0.0,Friendly
251.8,B0100,N001VE,SEARCH,None,0.0,0.0,0.0,0.0,0.0,Enemy
251.8,B0200,N001VE,TRACK,A0200,51.96056997489215,-15.214340817166622,-12137.220046723476,0.36451259032640126,12256.327876597865,Enemy
252.0,A0100,AN/APG-68(V)9,TRACK,B0100,69.97611926004876,0.0,0.0,0.0,0.0,Friendly
252.0,A0200,AN/APG-68(V)9,TRACK,B0100,51.62314846436221,0.0,0.0,0.0,0.0,Friendly
252.0,B0100,N001VE,SEARCH,None,0.0,0.0,0.0,0.0,0.0,Enemy
252.0,B0200,N001VE,TRACK,A0200,51.96056997489215,-15.214340817166622,-12137.220046723476,0.3504928753138481,12256.327876597865,Enemy
252.20000000000002,A0100,AN/APG-68(V)9,TRACK,B0100,70.02060501326099,0.0,0.0,0.0,0.0,Friendly
252.20000000000002,A0200,AN/APG-68(V)9,TRACK,B0100,51.672295490776605,0.0,0.0,0.0,0.0,Friendly
252.20000000000002,B0100,N001VE,SEARCH,None,0.0,0.0,0.0,0.0,0.0,Enemy
252.20000000000002,B0200,N001VE,TRACK,A0200,51.96056997489215,-15.214340817166622,-12137.220046723476,0.336473160301293,12256.327876597865,Enemy
252.4,A0100,AN/APG-68(V)9,TRACK,B0100,70.06529316855251,0.0,0.0,0.0,0.0,Friendly
252.4,A0200,AN/APG-68(V)9,TRACK,B0100,51.72120748359284,0.0,0.0,0.0,0.0,Friendly
252.4,B0100,N001VE,SEARCH,None,0.0,0.0,0.0,0.0,0.0,Enemy
252.4,B0200,N001VE,TRACK,A0200,51.96056997489215,-15.214340817166622,-12137.220046723476,0.3224534452887398,12256.327876597865,Enemy
252.60000000000002,A0100,AN/APG-68(V)9,TRACK,B0100,70.11064283162531,0.0,0.0,0.0,0.0,Friendly
252.60000000000002,A0200,AN/APG-68(V)9,TRACK,B0100,51.77005364364397,0.0,0.0,0.0,0.0,Friendly
252.60000000000002,B0100,N001VE,SEARCH,None,0.0,0.0,0.0,0.0,0.0,Enemy
252.60000000000002,B0200,N001VE,TRACK,A0200,51.96056997489215,-15.214340817166622,-12137.220046723476,0.3084337302761847,12256.327876597865,Enemy
252.8,A0100,AN/APG-68(V)9,TRACK,B0100,70.15623139403515,0.0,0.0,0.0,0.0,Friendly
252.8,A0200,AN/APG-68(V)9,TRACK,B0100,51.81844800736277,0.0,0.0,0.0,0.0,Friendly
252.8,B0100,N001VE,SEARCH,None,0.0,0.0,0.0,0.0,0.0,Enemy
252.8,B0200,N001VE,SEARCH,None,0.0,0.0,0.0,0.0,0.0,Enemy
253.0,A0100,AN/APG-68(V)9,TRACK,B0100,70.20148601187731,0.0,0.0,0.0,0.0,Friendly
253.0,A0200,AN/APG-68(V)9,TRACK,B0100,51.86609748053821,0.0,0.0,0.0,0.0,Friendly
253.0,B0100,N001VE,SEARCH,None,0.0,0.0,0.0,0.0,0.0,Enemy
253.0,B0200,N001VE,SEARCH,None,0.0,0.0,0.0,0.0,0.0,Enemy
253.20000000000002,A0100,AN/APG-68(V)9,TRACK,B0100,70.24646313228814,0.0,0.0,0.0,0.0,Friendly
253.20000000000002,A0200,AN/APG-68(V)9,TRACK,B0100,51.91345243415156,0.0,0.0,0.0,0.0,Friendly
253.20000000000002,B0100,N001VE,SEARCH,None,0.0,0.0,0.0,0.0,0.0,Enemy
253.20000000000002,B0200,N001VE,SEARCH,None,0.0,0.0,0.0,0.0,0.0,Enemy
253.4,A0100,AN/APG-68(V)9,TRACK,B0100,70.291494818081,0.0,0.0,0.0,0.0,Friendly
253.4,A0200,AN/APG-68(V)9,TRACK,B0100,51.96094334916466,0.0,0.0,0.0,0.0,Friendly
253.4,B0100,N001VE,SEARCH,None,0.0,0.0,0.0,0.0,0.0,Enemy
253.4,B0200,N001VE,SEARCH,None,0.0,0.0,0.0,0.0,0.0,Enemy
253.60000000000002,A0100,AN/APG-68(V)9,TRACK,B0100,70.33713458485359,0.0,0.0,0.0,0.0,Friendly
253.60000000000002,A0200,AN/APG-68(V)9,TRACK,B0100,52.00918296689461,0.0,0.0,0.0,0.0,Friendly
253.60000000000002,B0100,N001VE,SEARCH,None,0.0,0.0,0.0,0.0,0.0,Enemy
253.60000000000002,B0200,N001VE,SEARCH,None,0.0,0.0,0.0,0.0,0.0,Enemy
253.8,A0100,AN/APG-68(V)9,TRACK,B0100,70.38326236037798,0.0,0.0,0.0,0.0,Friendly
253.8,A0200,AN/APG-68(V)9,TRACK,B0100,52.0579898771238,0.0,0.0,0.0,0.0,Friendly
253.8,B0100,N001VE,SEARCH,None,0.0,0.0,0.0,0.0,0.0,Enemy
253.8,B0200,N001VE,TRACK,A0200,52.44852688139791,-15.395172118092464,-12271.28822343656,0.3581691505418264,12238.944381195082,Enemy
254.0,A0100,AN/APG-68(V)9,TRACK,B0100,70.42955228026936,0.0,0.0,0.0,0.0,Friendly
254.0,A0200,AN/APG-68(V)9,TRACK,B0100,52.107004568909794,0.0,0.0,0.0,0.0,Friendly
254.0,B0100,N001VE,SEARCH,None,0.0,0.0,0.0,0.0,0.0,Enemy
254.0,B0200,N001VE,TRACK,A0200,52.44852688139791,-15.395172118092464,-12271.28822343656,0.3443934139825261,12238.944381195082,Enemy
254.20000000000002,A0100,AN/APG-68(V)9,TRACK,B0100,70.47592221206627,0.0,0.0,0.0,0.0,Friendly
254.20000000000002,A0200,AN/APG-68(V)9,TRACK,B0100,52.156109918884624,0.0,0.0,0.0,0.0,Friendly
254.20000000000002,B0100,N001VE,SEARCH,None,0.0,0.0,0.0,0.0,0.0,Enemy
254.20000000000002,B0200,N001VE,TRACK,A0200,52.44852688139791,-15.395172118092464,-12271.28822343656,0.3306176774232239,12238.944381195082,Enemy
254.4,A0100,AN/APG-68(V)9,TRACK,B0100,70.52234678416711,0.0,0.0,0.0,0.0,Friendly
254.4,A0200,AN/APG-68(V)9,TRACK,B0100,52.20523050317094,0.0,0.0,0.0,0.0,Friendly
254.4,B0100,N001VE,SEARCH,None,0.0,0.0,0.0,0.0,0.0,Enemy
254.4,B0200,N001VE,TRACK,A0200,52.44852688139791,-15.395172118092464,-12271.28822343656,0.3168419408639236,12238.944381195082,Enemy
254.60000000000002,A0100,AN/APG-68(V)9,TRACK,B0100,70.56878848959552,0.0,0.0,0.0,0.0,Friendly
254.60000000000002,A0200,AN/APG-68(V)9,TRACK,B0100,52.254296547611794,0.0,0.0,0.0,0.0,Friendly
254.60000000000002,B0100,N001VE,SEARCH,None,0.0,0.0,0.0,0.0,0.0,Enemy
254.60000000000002,B0200,N001VE,TRACK,A0200,52.44852688139791,-15.395172118092464,-12271.28822343656,0.3030662043046214,12238.944381195082,Enemy
254.8,A0100,AN/APG-68(V)9,TRACK,B0100,70.61533248287328,0.0,0.0,0.0,0.0,Friendly
254.8,A0200,AN/APG-68(V)9,TRACK,B0100,52.303371991703855,0.0,0.0,0.0,0.0,Friendly
254.8,B0100,N001VE,SEARCH,None,0.0,0.0,0.0,0.0,0.0,Enemy
254.8,B0200,N001VE,SEARCH,None,0.0,0.0,0.0,0.0,0.0,Enemy
255.0,A0100,AN/APG-68(V)9,TRACK,B0100,70.66198848292765,0.0,0.0,0.0,0.0,Friendly
255.0,A0200,AN/APG-68(V)9,TRACK,B0100,52.35251941988661,0.0,0.0,0.0,0.0,Friendly
255.0,B0100,N001VE,SEARCH,None,0.0,0.0,0.0,0.0,0.0,Enemy
255.0,B0200,N001VE,SEARCH,None,0.0,0.0,0.0,0.0,0.0,Enemy
255.20000000000002,A0100,AN/APG-68(V)9,TRACK,B0100,70.70863671501138,0.0,0.0,0.0,0.0,Friendly
255.20000000000002,A0200,AN/APG-68(V)9,TRACK,B0100,52.401687944091066,0.0,0.0,0.0,0.0,Friendly
255.20000000000002,B0100,N001VE,SEARCH,None,0.0,0.0,0.0,0.0,0.0,Enemy
255.20000000000002,B0200,N001VE,SEARCH,None,0.0,0.0,0.0,0.0,0.0,Enemy
255.4,A0100,AN/APG-68(V)9,TRACK,B0100,70.75538186624932,0.0,0.0,0.0,0.0,Friendly
255.4,A0200,AN/APG-68(V)9,TRACK,B0100,52.45097482851994,0.0,0.0,0.0,0.0,Friendly
255.4,B0100,N001VE,SEARCH,None,0.0,0.0,0.0,0.0,0.0,Enemy
255.4,B0200,N001VE,SEARCH,None,0.0,0.0,0.0,0.0,0.0,Enemy
255.60000000000002,A0100,AN/APG-68(V)9,TRACK,B0100,70.80242083964907,0.0,0.0,0.0,0.0,Friendly
255.60000000000002,A0200,AN/APG-68(V)9,TRACK,B0100,52.500406129732845,0.0,0.0,0.0,0.0,Friendly
255.60000000000002,B0100,N001VE,SEARCH,None,0.0,0.0,0.0,0.0,0.0,Enemy
255.60000000000002,B0200,N001VE,SEARCH,None,0.0,0.0,0.0,0.0,0.0,Enemy
255.8,A0100,AN/APG-68(V)9,TRACK,B0100,70.84976733331987,0.0,0.0,0.0,0.0,Friendly
255.8,A0200,AN/APG-68(V)9,TRACK,B0100,52.54993906094663,0.0,0.0,0.0,0.0,Friendly
255.8,B0100,N001VE,SEARCH,None,0.0,0.0,0.0,0.0,0.0,Enemy
255.8,B0200,N001VE,SEARCH,None,0.0,0.0,0.0,0.0,0.0,Enemy
256.0,A0100,AN/APG-68(V)9,TRACK,B0100,70.89722058303173,0.0,0.0,0.0,0.0,Friendly
256.0,A0200,AN/APG-68(V)9,TRACK,B0100,52.59947470501168,0.0,0.0,0.0,0.0,Friendly
256.0,B0100,N001VE,SEARCH,None,0.0,0.0,0.0,0.0,0.0,Enemy
256.0,B0200,N001VE,SEARCH,None,0.0,0.0,0.0,0.0,0.0,Enemy
256.2,A0100,AN/APG-68(V)9,TRACK,B0100,70.94469758717854,0.0,0.0,0.0,0.0,Friendly
256.2,A0200,AN/APG-68(V)9,TRACK,B0100,52.64903404256292,0.0,0.0,0.0,0.0,Friendly
256.2,B0100,N001VE,SEARCH,None,0.0,0.0,0.0,0.0,0.0,Enemy
256.2,B0200,N001VE,SEARCH,None,0.0,0.0,0.0,0.0,0.0,Enemy
256.40000000000003,A0100,AN/APG-68(V)9,TRACK,B0100,70.99227197520835,0.0,0.0,0.0,0.0,Friendly
256.40000000000003,A0200,AN/APG-68(V)9,TRACK,B0100,52.69868409123297,0.0,0.0,0.0,0.0,Friendly
256.40000000000003,B0100,N001VE,SEARCH,None,0.0,0.0,0.0,0.0,0.0,Enemy
256.40000000000003,B0200,N001VE,SEARCH,None,0.0,0.0,0.0,0.0,0.0,Enemy
256.6,A0100,AN/APG-68(V)9,TRACK,B0100,71.03993915679601,0.0,0.0,0.0,0.0,Friendly
256.6,A0200,AN/APG-68(V)9,TRACK,B0100,52.74839727134564,0.0,0.0,0.0,0.0,Friendly
256.6,B0100,N001VE,SEARCH,None,0.0,0.0,0.0,0.0,0.0,Enemy
256.6,B0200,N001VE,SEARCH,None,0.0,0.0,0.0,0.0,0.0,Enemy
256.8,A0100,AN/APG-68(V)9,TRACK,B0100,71.08777992443181,0.0,0.0,0.0,0.0,Friendly
256.8,A0200,AN/APG-68(V)9,TRACK,B0100,52.798258861285284,0.0,0.0,0.0,0.0,Friendly
256.8,B0100,N001VE,SEARCH,None,0.0,0.0,0.0,0.0,0.0,Enemy
256.8,B0200,N001VE,SEARCH,None,0.0,0.0,0.0,0.0,0.0,Enemy
257.0,A0100,AN/APG-68(V)9,TRACK,B0100,71.13601007109344,0.0,0.0,0.0,0.0,Friendly
257.0,A0200,AN/APG-68(V)9,TRACK,B0100,52.848499246353434,0.0,0.0,0.0,0.0,Friendly
257.0,B0100,N001VE,SEARCH,None,0.0,0.0,0.0,0.0,0.0,Enemy
257.0,B0200,N001VE,SEARCH,None,0.0,0.0,0.0,0.0,0.0,Enemy
257.2,A0100,AN/APG-68(V)9,TRACK,B0100,71.18458770834242,0.0,0.0,0.0,0.0,Friendly
257.2,A0200,AN/APG-68(V)9,TRACK,B0100,52.89905794024672,0.0,0.0,0.0,0.0,Friendly
257.2,B0100,N001VE,SEARCH,None,0.0,0.0,0.0,0.0,0.0,Enemy
257.2,B0200,N001VE,SEARCH,None,0.0,0.0,0.0,0.0,0.0,Enemy
257.40000000000003,A0100,AN/APG-68(V)9,TRACK,B0100,71.23336297234093,0.0,0.0,0.0,0.0,Friendly
257.40000000000003,A0200,AN/APG-68(V)9,TRACK,B0100,52.94975253662866,0.0,0.0,0.0,0.0,Friendly
257.40000000000003,B0100,N001VE,SEARCH,None,0.0,0.0,0.0,0.0,0.0,Enemy
257.40000000000003,B0200,N001VE,SEARCH,None,0.0,0.0,0.0,0.0,0.0,Enemy
257.6,A0100,AN/APG-68(V)9,TRACK,B0100,71.28215570010583,0.0,0.0,0.0,0.0,Friendly
257.6,A0200,AN/APG-68(V)9,TRACK,B0100,53.000358095432524,0.0,0.0,0.0,0.0,Friendly
257.6,B0100,N001VE,SEARCH,None,0.0,0.0,0.0,0.0,0.0,Enemy
257.6,B0200,N001VE,SEARCH,None,0.0,0.0,0.0,0.0,0.0,Enemy
257.8,A0100,AN/APG-68(V)9,TRACK,B0100,71.33069691404816,0.0,0.0,0.0,0.0,Friendly
257.8,A0200,AN/APG-68(V)9,TRACK,B0100,53.05065866009004,0.0,0.0,0.0,0.0,Friendly
257.8,B0100,N001VE,TRACK,A0200,53.05065866009004,-15.629659585761502,-12333.420612292088,0.3503414374188287,12225.17899247761,Enemy
257.8,B0200,N001VE,SEARCH,None,0.0,0.0,0.0,0.0,0.0,Enemy
258.0,A0100,AN/APG-68(V)9,TRACK,B0100,71.3789482018343,0.0,0.0,0.0,0.0,Friendly
258.0,A0200,AN/APG-68(V)9,TRACK,B0100,53.10066887522192,0.0,0.0,0.0,0.0,Friendly
258.0,B0100,N001VE,TRACK,A0200,53.05065866009004,-15.629659585761502,-12333.420612292088,0.3368667667488745,12225.17899247761,Enemy
258.0,B0200,N001VE,SEARCH,None,0.0,0.0,0.0,0.0,0.0,Enemy
258.2,A0100,AN/APG-68(V)9,TRACK,B0100,71.4271953123798,0.0,0.0,0.0,0.0,Friendly
258.2,A0200,AN/APG-68(V)9,TRACK,B0100,53.15067337186582,0.0,0.0,0.0,0.0,Friendly
258.2,B0100,N001VE,TRACK,A0200,53.05065866009004,-15.629659585761502,-12333.420612292088,0.3233920960789203,12225.17899247761,Enemy
258.2,B0200,N001VE,SEARCH,None,0.0,0.0,0.0,0.0,0.0,Enemy
258.40000000000003,A0100,AN/APG-68(V)9,TRACK,B0100,71.47569075008784,0.0,0.0,0.0,0.0,Friendly
258.40000000000003,A0200,AN/APG-68(V)9,TRACK,B0100,53.20095698779355,0.0,0.0,0.0,0.0,Friendly
258.40000000000003,B0100,N001VE,TRACK,A0200,53.05065866009004,-15.629659585761502,-12333.420612292088,0.3099174254089622,12225.17899247761,Enemy
258.40000000000003,B0200,N001VE,SEARCH,None,0.0,0.0,0.0,0.0,0.0,Enemy
258.6,A0100,AN/APG-68(V)9,TRACK,B0100,71.52442084654604,0.0,0.0,0.0,0.0,Friendly
258.6,A0200,AN/APG-68(V)9,TRACK,B0100,53.25150483578407,0.0,0.0,0.0,0.0,Friendly
258.6,B0100,N001VE,SEARCH,A0200,53.05065866009004,-15.629659585761502,-12333.420612292088,0.29644275473900805,12225.17899247761,Enemy
258.6,B0200,N001VE,SEARCH,None,0.0,0.0,0.0,0.0,0.0,Enemy
258.8,A0100,AN/APG-68(V)9,TRACK,B0100,71.57327618067016,0.0,0.0,0.0,0.0,Friendly
258.8,A0200,AN/APG-68(V)9,TRACK,B0100,53.302139590051105,0.0,0.0,0.0,0.0,Friendly
258.8,B0100,N001VE,SEARCH,None,0.0,0.0,0.0,0.0,0.0,Enemy
258.8,B0200,N001VE,SEARCH,None,0.0,0.0,0.0,0.0,0.0,Enemy
259.0,A0100,AN/APG-68(V)9,TRACK,B0100,71.6220981911441,0.0,0.0,0.0,0.0,Friendly
259.0,A0200,AN/APG-68(V)9,TRACK,B0100,53.35268327183833,0.0,0.0,0.0,0.0,Friendly
259.0,B0100,N001VE,SEARCH,None,0.0,0.0,0.0,0.0,0.0,Enemy
259.0,B0200,N001VE,SEARCH,None,0.0,0.0,0.0,0.0,0.0,Enemy
259.2,A0100,AN/APG-68(V)9,TRACK,B0100,71.67098931408611,0.0,0.0,0.0,0.0,Friendly
259.2,A0200,AN/APG-68(V)9,TRACK,B0100,53.4033050352769,0.0,0.0,0.0,0.0,Friendly
259.2,B0100,N001VE,SEARCH,None,0.0,0.0,0.0,0.0,0.0,Enemy
259.2,B0200,N001VE,SEARCH,None,0.0,0.0,0.0,0.0,0.0,Enemy
259.40000000000003,A0100,AN/APG-68(V)9,TRACK,B0100,71.72018851578645,0.0,0.0,0.0,0.0,Friendly
259.40000000000003,A0200,AN/APG-68(V)9,TRACK,B0100,53.45426138235731,0.0,0.0,0.0,0.0,Friendly
259.40000000000003,B0100,N001VE,SEARCH,None,0.0,0.0,0.0,0.0,0.0,Enemy
259.40000000000003,B0200,N001VE,SEARCH,None,0.0,0.0,0.0,0.0,0.0,Enemy
259.6,A0100,AN/APG-68(V)9,TRACK,B0100,71.76963588434954,0.0,0.0,0.0,0.0,Friendly
259.6,A0200,AN/APG-68(V)9,TRACK,B0100,53.50548527136551,0.0,0.0,0.0,0.0,Friendly
259.6,B0100,N001VE,SEARCH,None,0.0,0.0,0.0,0.0,0.0,Enemy
259.6,B0200,N001VE,SEARCH,None,0.0,0.0,0.0,0.0,0.0,Enemy
259.8,A0100,AN/APG-68(V)9,TRACK,B0100,71.8191969503353,0.0,0.0,0.0,0.0,Friendly
259.8,A0200,AN/APG-68(V)9,TRACK,B0100,53.556846536187365,0.0,0.0,0.0,0.0,Friendly
259.8,B0100,N001VE,SEARCH,None,0.0,0.0,0.0,0.0,0.0,Enemy
259.8,B0200,N001VE,TRACK,A0200,53.91729218959263,-15.93386715774486,-12491.801470550088,0.3390752015352951,12188.53977798037,Enemy
260.0,A0100,AN/APG-68(V)9,TRACK,B0100,71.86881247772567,0.0,0.0,0.0,0.0,Friendly
260.0,A0200,AN/APG-68(V)9,TRACK,B0100,53.60828833088047,0.0,0.0,0.0,0.0,Friendly
260.0,B0100,N001VE,SEARCH,None,0.0,0.0,0.0,0.0,0.0,Enemy
260.0,B0200,N001VE,TRACK,A0200,53.91729218959263,-15.93386715774486,-12491.801470550088,0.32603384763009213,12188.53977798037,Enemy
260.2,A0100,AN/APG-68(V)9,TRACK,B0100,71.91865175570118,0.0,0.0,0.0,0.0,Friendly
260.2,A0200,AN/APG-68(V)9,TRACK,B0100,53.659927327459,0.0,0.0,0.0,0.0,Friendly
260.2,B0100,N001VE,SEARCH,None,0.0,0.0,0.0,0.0,0.0,Enemy
260.2,B0200,N001VE,TRACK,A0200,53.91729218959263,-15.93386715774486,-12491.801470550088,0.3129924937248892,12188.53977798037,Enemy
260.40000000000003,A0100,AN/APG-68(V)9,TRACK,B0100,71.96867661989621,0.0,0.0,0.0,0.0,Friendly
260.40000000000003,A0200,AN/APG-68(V)9,TRACK,B0100,53.71170035567907,0.0,0.0,0.0,0.0,Friendly
260.40000000000003,B0100,N001VE,SEARCH,None,0.0,0.0,0.0,0.0,0.0,Enemy
260.40000000000003,B0200,N001VE,SEARCH,A0200,53.91729218959263,-15.93386715774486,-12491.801470550088,0.2999511398196825,12188.53977798037,Enemy
260.6,A0100,AN/APG-68(V)9,TRACK,B0100,72.01873025955315,0.0,0.0,0.0,0.0,Friendly
260.6,A0200,AN/APG-68(V)9,TRACK,B0100,53.763496104929,0.0,0.0,0.0,0.0,Friendly
260.6,B0100,N001VE,SEARCH,None,0.0,0.0,0.0,0.0,0.0,Enemy
260.6,B0200,N001VE,SEARCH,A0200,53.91729218959263,-15.93386715774486,-12491.801470550088,0.2869097859144796,12188.53977798037,Enemy
260.8,A0100,AN/APG-68(V)9,TRACK,B0100,72.06869821558026,0.0,0.0,0.0,0.0,Friendly
260.8,A0200,AN/APG-68(V)9,TRACK,B0100,53.81521104827939,0.0,0.0,0.0,0.0,Friendly
260.8,B0100,N001VE,TRACK,A0200,53.81521104827939,-15.912862136109378,-12480.896347726215,0.34040225637236726,12201.215956855354,Enemy
260.8,B0200,N001VE,SEARCH,None,0.0,0.0,0.0,0.0,0.0,Enemy
261.0,A0100,AN/APG-68(V)9,TRACK,B0100,72.11869597765714,0.0,0.0,0.0,0.0,Friendly
261.0,A0200,AN/APG-68(V)9,TRACK,B0100,53.86695192396175,0.0,0.0,0.0,0.0,Friendly
261.0,B0100,N001VE,TRACK,A0200,53.81521104827939,-15.912862136109378,-12480.896347726215,0.3273098618965077,12201.215956855354,Enemy
261.0,B0200,N001VE,SEARCH,None,0.0,0.0,0.0,0.0,0.0,Enemy
261.2,A0100,AN/APG-68(V)9,TRACK,B0100,72.16893129758331,0.0,0.0,0.0,0.0,Friendly
261.2,A0200,AN/APG-68(V)9,TRACK,B0100,53.91889154878714,0.0,0.0,0.0,0.0,Friendly
261.2,B0100,N001VE,TRACK,A0200,53.81521104827939,-15.912862136109378,-12480.896347726215,0.3142174674206481,12201.215956855354,Enemy
261.2,B0200,N001VE,SEARCH,None,0.0,0.0,0.0,0.0,0.0,Enemy
261.40000000000003,A0100,AN/APG-68(V)9,TRACK,B0100,72.21931309820269,0.0,0.0,0.0,0.0,Friendly
261.40000000000003,A0200,AN/APG-68(V)9,TRACK,B0100,53.97097283262983,0.0,0.0,0.0,0.0,Friendly
261.40000000000003,B0100,N001VE,TRACK,A0200,53.81521104827939,-15.912862136109378,-12480.896347726215,0.3011250729447848,12201.215956855354,Enemy
261.40000000000003,B0200,N001VE,SEARCH,None,0.0,0.0,0.0,0.0,0.0,Enemy
261.6,A0100,AN/APG-68(V)9,TRACK,B0100,72.26980450175508,0.0,0.0,0.0,0.0,Friendly
261.6,A0200,AN/APG-68(V)9,TRACK,B0100,54.02316922260059,0.0,0.0,0.0,0.0,Friendly
261.6,B0100,N001VE,SEARCH,A0200,53.81521104827939,-15.912862136109378,-12480.896347726215,0.2880326784689253,12201.215956855354,Enemy
261.6,B0200,N001VE,SEARCH,None,0.0,0.0,0.0,0.0,0.0,Enemy
261.8,A0100,AN/APG-68(V)9,TRACK,B0100,72.32040583639296,0.0,0.0,0.0,0.0,Friendly
261.8,A0200,AN/APG-68(V)9,TRACK,B0100,54.07538423675281,0.0,0.0,0.0,0.0,Friendly
261.8,B0100,N001VE,SEARCH,None,0.0,0.0,0.0,0.0,0.0,Enemy
261.8,B0200,N001VE,SEARCH,None,0.0,0.0,0.0,0.0,0.0,Enemy
262.0,A0100,AN/APG-68(V)9,TRACK,B0100,72.370875900131,0.0,0.0,0.0,0.0,Friendly
262.0,A0200,AN/APG-68(V)9,TRACK,B0100,54.127454311605234,0.0,0.0,0.0,0.0,Friendly
262.0,B0100,N001VE,SEARCH,None,0.0,0.0,0.0,0.0,0.0,Enemy
262.0,B0200,N001VE,SEARCH,None,0.0,0.0,0.0,0.0,0.0,Enemy
262.2,A0100,AN/APG-68(V)9,TRACK,B0100,72.42084291352442,0.0,0.0,0.0,0.0,Friendly
262.2,A0200,AN/APG-68(V)9,TRACK,B0100,54.17905635910778,0.0,0.0,0.0,0.0,Friendly
262.2,B0100,N001VE,SEARCH,None,0.0,0.0,0.0,0.0,0.0,Enemy
262.2,B0200,N001VE,SEARCH,None,0.0,0.0,0.0,0.0,0.0,Enemy
262.40000000000003,A0100,AN/APG-68(V)9,TRACK,B0100,72.47027205382251,0.0,0.0,0.0,0.0,Friendly
262.40000000000003,A0200,AN/APG-68(V)9,TRACK,B0100,54.23011460671054,0.0,0.0,0.0,0.0,Friendly
262.40000000000003,B0100,N001VE,SEARCH,None,0.0,0.0,0.0,0.0,0.0,Enemy
262.40000000000003,B0200,N001VE,SEARCH,None,0.0,0.0,0.0,0.0,0.0,Enemy
262.6,A0100,AN/APG-68(V)9,TRACK,B0100,72.51931083076659,0.0,0.0,0.0,0.0,Friendly
262.6,A0200,AN/APG-68(V)9,TRACK,B0100,54.28071853506395,0.0,0.0,0.0,0.0,Friendly
262.6,B0100,N001VE,SEARCH,None,0.0,0.0,0.0,0.0,0.0,Enemy
262.6,B0200,N001VE,SEARCH,None,0.0,0.0,0.0,0.0,0.0,Enemy
262.8,A0100,AN/APG-68(V)9,TRACK,B0100,72.56805510294664,0.0,0.0,0.0,0.0,Friendly
262.8,A0200,AN/APG-68(V)9,TRACK,B0100,54.3309938679651,0.0,0.0,0.0,0.0,Friendly
262.8,B0100,N001VE,SEARCH,None,0.0,0.0,0.0,0.0,0.0,Enemy
262.8,B0200,N001VE,SEARCH,None,0.0,0.0,0.0,0.0,0.0,Enemy
263.0,A0100,AN/APG-68(V)9,TRACK,B0100,72.61655962846167,0.0,0.0,0.0,0.0,Friendly
263.0,A0200,AN/APG-68(V)9,TRACK,B0100,54.381056455853795,0.0,0.0,0.0,0.0,Friendly
263.0,B0100,N001VE,SEARCH,None,0.0,0.0,0.0,0.0,0.0,Enemy
263.0,B0200,N001VE,SEARCH,None,0.0,0.0,0.0,0.0,0.0,Enemy
263.2,A0100,AN/APG-68(V)9,TRACK,B0100,72.66501406539354,0.0,0.0,0.0,0.0,Friendly
263.2,A0200,AN/APG-68(V)9,TRACK,B0100,54.431110771791474,0.0,0.0,0.0,0.0,Friendly
263.2,B0100,N001VE,SEARCH,None,0.0,0.0,0.0,0.0,0.0,Enemy
263.2,B0200,N001VE,SEARCH,None,0.0,0.0,0.0,0.0,0.0,Enemy
263.40000000000003,A0100,AN/APG-68(V)9,TRACK,B0100,72.71349360092766,0.0,0.0,0.0,0.0,Friendly
263.40000000000003,A0200,AN/APG-68(V)9,TRACK,B0100,54.48122883445011,0.0,0.0,0.0,0.0,Friendly
263.40000000000003,B0100,N001VE,SEARCH,None,0.0,0.0,0.0,0.0,0.0,Enemy
263.40000000000003,B0200,N001VE,SEARCH,None,0.0,0.0,0.0,0.0,0.0,Enemy
263.6,A0100,AN/APG-68(V)9,TRACK,B0100,72.76161851161994,0.0,0.0,0.0,0.0,Friendly
263.6,A0200,AN/APG-68(V)9,TRACK,B0100,54.53110686668401,0.0,0.0,0.0,0.0,Friendly
263.6,B0100,N001VE,SEARCH,None,0.0,0.0,0.0,0.0,0.0,Enemy
263.6,B0200,N001VE,SEARCH,None,0.0,0.0,0.0,0.0,0.0,Enemy
263.8,A0100,AN/APG-68(V)9,TRACK,B0100,72.80963246341993,0.0,0.0,0.0,0.0,Friendly
263.8,A0200,AN/APG-68(V)9,TRACK,B0100,54.580998030638284,0.0,0.0,0.0,0.0,Friendly
263.8,B0100,N001VE,TRACK,A0200,54.580998030638284,-16.194288803168128,-12490.725640867871,0.3304470256017016,12177.948700014624,Enemy
263.8,B0200,N001VE,SEARCH,None,0.0,0.0,0.0,0.0,0.0,Enemy
264.0,A0100,AN/APG-68(V)9,TRACK,B0100,72.85783930047934,0.0,0.0,0.0,0.0,Friendly
264.0,A0200,AN/APG-68(V)9,TRACK,B0100,54.63110120249842,0.0,0.0,0.0,0.0,Friendly
264.0,B0100,N001VE,TRACK,A0200,54.580998030638284,-16.194288803168128,-12490.725640867871,0.3177375246170214,12177.948700014624,Enemy
264.0,B0200,N001VE,SEARCH,None,0.0,0.0,0.0,0.0,0.0,Enemy
264.2,A0100,AN/APG-68(V)9,TRACK,B0100,72.90623322078615,0.0,0.0,0.0,0.0,Friendly
264.2,A0200,AN/APG-68(V)9,TRACK,B0100,54.68140676374527,0.0,0.0,0.0,0.0,Friendly
264.2,B0100,N001VE,TRACK,A0200,54.580998030638284,-16.194288803168128,-12490.725640867871,0.3050280236323413,12177.948700014624,Enemy
264.2,B0200,N001VE,SEARCH,None,0.0,0.0,0.0,0.0,0.0,Enemy
264.40000000000003,A0100,AN/APG-68(V)9,TRACK,B0100,72.95483123500642,0.0,0.0,0.0,0.0,Friendly
264.40000000000003,A0200,AN/APG-68(V)9,TRACK,B0100,54.731960738372436,0.0,0.0,0.0,0.0,Friendly
264.40000000000003,B0100,N001VE,SEARCH,A0200,54.580998030638284,-16.194288803168128,-12490.725640867871,0.29231852264765756,12177.948700014624,Enemy
264.40000000000003,B0200,N001VE,SEARCH,None,0.0,0.0,0.0,0.0,0.0,Enemy
264.6,A0100,AN/APG-68(V)9,TRACK,B0100,73.00359418200189,0.0,0.0,0.0,0.0,Friendly
264.6,A0200,AN/APG-68(V)9,TRACK,B0100,54.782678787213044,0.0,0.0,0.0,0.0,Friendly
264.6,B0100,N001VE,SEARCH,A0200,54.580998030638284,-16.194288803168128,-12490.725640867871,0.2796090216629774,12177.948700014624,Enemy
264.6,B0200,N001VE,SEARCH,None,0.0,0.0,0.0,0.0,0.0,Enemy
264.8,A0100,AN/APG-68(V)9,TRACK,B0100,73.05206872699887,0.0,0.0,0.0,0.0,Friendly
264.8,A0200,AN/APG-68(V)9,TRACK,B0100,54.83306331363631,0.0,0.0,0.0,0.0,Friendly
264.8,B0100,N001VE,SEARCH,None,0.0,0.0,0.0,0.0,0.0,Enemy
264.8,B0200,N001VE,SEARCH,None,0.0,0.0,0.0,0.0,0.0,Enemy
265.0,A0100,AN/APG-68(V)9,TRACK,B0100,73.10009979941485,0.0,0.0,0.0,0.0,Friendly
265.0,A0200,AN/APG-68(V)9,TRACK,B0100,54.883030966014104,0.0,0.0,0.0,0.0,Friendly
265.0,B0100,N001VE,SEARCH,None,0.0,0.0,0.0,0.0,0.0,Enemy
265.0,B0200,N001VE,SEARCH,None,0.0,0.0,0.0,0.0,0.0,Enemy
265.2,A0100,AN/APG-68(V)9,TRACK,B0100,73.1480586701111,0.0,0.0,0.0,0.0,Friendly
265.2,A0200,AN/APG-68(V)9,TRACK,B0100,54.933020507384285,0.0,0.0,0.0,0.0,Friendly
265.2,B0100,N001VE,SEARCH,None,0.0,0.0,0.0,0.0,0.0,Enemy
265.2,B0200,N001VE,SEARCH,None,0.0,0.0,0.0,0.0,0.0,Enemy
265.40000000000003,A0100,AN/APG-68(V)9,TRACK,B0100,73.19620707684594,0.0,0.0,0.0,0.0,Friendly
265.40000000000003,A0200,AN/APG-68(V)9,TRACK,B0100,54.983252181641326,0.0,0.0,0.0,0.0,Friendly
265.40000000000003,B0100,N001VE,SEARCH,None,0.0,0.0,0.0,0.0,0.0,Enemy
265.40000000000003,B0200,N001VE,SEARCH,None,0.0,0.0,0.0,0.0,0.0,Enemy
265.6,A0100,AN/APG-68(V)9,TRACK,B0100,73.24452233535091,0.0,0.0,0.0,0.0,Friendly
265.6,A0200,AN/APG-68(V)9,TRACK,B0100,55.033660200976485,0.0,0.0,0.0,0.0,Friendly
265.6,B0100,N001VE,SEARCH,None,0.0,0.0,0.0,0.0,0.0,Enemy
265.6,B0200,N001VE,SEARCH,None,0.0,0.0,0.0,0.0,0.0,Enemy
265.8,A0100,AN/APG-68(V)9,TRACK,B0100,73.29301991173728,0.0,0.0,0.0,0.0,Friendly
265.8,A0200,AN/APG-68(V)9,TRACK,B0100,55.08425610680986,0.0,0.0,0.0,0.0,Friendly
265.8,B0100,N001VE,SEARCH,None,0.0,0.0,0.0,0.0,0.0,Enemy
265.8,B0200,N001VE,TRACK,A0200,55.45131944050135,-16.494784320645735,-12583.365362697275,0.31913284727348185,12142.79596470029,Enemy
266.0,A0100,AN/APG-68(V)9,TRACK,B0100,73.3417147153719,0.0,0.0,0.0,0.0,Friendly
266.0,A0200,AN/APG-68(V)9,TRACK,B0100,55.135094275004455,0.0,0.0,0.0,0.0,Friendly
266.0,B0100,N001VE,SEARCH,None,0.0,0.0,0.0,0.0,0.0,Enemy
266.0,B0200,N001VE,TRACK,A0200,55.45131944050135,-16.494784320645735,-12583.365362697275,0.3068585069937332,12142.79596470029,Enemy
266.2,A0100,AN/APG-68(V)9,TRACK,B0100,73.39036325750243,0.0,0.0,0.0,0.0,Friendly
266.2,A0200,AN/APG-68(V)9,TRACK,B0100,55.18591117440489,0.0,0.0,0.0,0.0,Friendly
266.2,B0100,N001VE,SEARCH,None,0.0,0.0,0.0,0.0,0.0,Enemy
266.2,B0200,N001VE,SEARCH,A0200,55.45131944050135,-16.494784320645735,-12583.365362697275,0.2945841667139846,12142.79596470029,Enemy
266.40000000000003,A0100,AN/APG-68(V)9,TRACK,B0100,73.43856287910116,0.0,0.0,0.0,0.0,Friendly
266.40000000000003,A0200,AN/APG-68(V)9,TRACK,B0100,55.23623326523277,0.0,0.0,0.0,0.0,Friendly
266.40000000000003,B0100,N001VE,SEARCH,None,0.0,0.0,0.0,0.0,0.0,Enemy
266.40000000000003,B0200,N001VE,SEARCH,A0200,55.45131944050135,-16.494784320645735,-12583.365362697275,0.2823098264342324,12142.79596470029,Enemy
266.6,A0100,AN/APG-68(V)9,TRACK,B0100,73.48612697324872,0.0,0.0,0.0,0.0,Friendly
266.6,A0200,AN/APG-68(V)9,TRACK,B0100,55.2858441639648,0.0,0.0,0.0,0.0,Friendly
266.6,B0100,N001VE,SEARCH,None,0.0,0.0,0.0,0.0,0.0,Enemy
266.6,B0200,N001VE,SEARCH,A0200,55.45131944050135,-16.494784320645735,-12583.365362697275,0.2700354861544838,12142.79596470029,Enemy
266.8,A0100,AN/APG-68(V)9,TRACK,B0100,73.53311458931638,0.0,0.0,0.0,0.0,Friendly
266.8,A0200,AN/APG-68(V)9,TRACK,B0100,55.33497052932098,0.0,0.0,0.0,0.0,Friendly
266.8,B0100,N001VE,SEARCH,None,0.0,0.0,0.0,0.0,0.0,Enemy
266.8,B0200,N001VE,SEARCH,None,0.0,0.0,0.0,0.0,0.0,Enemy
267.0,A0100,AN/APG-68(V)9,TRACK,B0100,73.57991827290327,0.0,0.0,0.0,0.0,Friendly
267.0,A0200,AN/APG-68(V)9,TRACK,B0100,55.384159182967835,0.0,0.0,0.0,0.0,Friendly
267.0,B0100,N001VE,SEARCH,None,0.0,0.0,0.0,0.0,0.0,Enemy
267.0,B0200,N001VE,SEARCH,None,0.0,0.0,0.0,0.0,0.0,Enemy
267.2,A0100,AN/APG-68(V)9,TRACK,B0100,73.62685682888444,0.0,0.0,0.0,0.0,Friendly
267.2,A0200,AN/APG-68(V)9,TRACK,B0100,55.43364867490676,0.0,0.0,0.0,0.0,Friendly
267.2,B0100,N001VE,SEARCH,None,0.0,0.0,0.0,0.0,0.0,Enemy
267.2,B0200,N001VE,SEARCH,None,0.0,0.0,0.0,0.0,0.0,Enemy
267.40000000000003,A0100,AN/APG-68(V)9,TRACK,B0100,73.67397835827772,0.0,0.0,0.0,0.0,Friendly
267.40000000000003,A0200,AN/APG-68(V)9,TRACK,B0100,55.48349399155769,0.0,0.0,0.0,0.0,Friendly
267.40000000000003,B0100,N001VE,SEARCH,None,0.0,0.0,0.0,0.0,0.0,Enemy
267.40000000000003,B0200,N001VE,SEARCH,None,0.0,0.0,0.0,0.0,0.0,Enemy
267.6,A0100,AN/APG-68(V)9,TRACK,B0100,73.72141347171826,0.0,0.0,0.0,0.0,Friendly
267.6,A0200,AN/APG-68(V)9,TRACK,B0100,55.533982850612304,0.0,0.0,0.0,0.0,Friendly
267.6,B0100,N001VE,SEARCH,None,0.0,0.0,0.0,0.0,0.0,Enemy
267.6,B0200,N001VE,SEARCH,None,0.0,0.0,0.0,0.0,0.0,Enemy
267.8,A0100,AN/APG-68(V)9,TRACK,B0100,73.76947701669467,0.0,0.0,0.0,0.0,Friendly
267.8,A0200,AN/APG-68(V)9,TRACK,B0100,55.58546010244357,0.0,0.0,0.0,0.0,Friendly
267.8,B0100,N001VE,TRACK,A0200,55.58546010244357,-16.558224703682235,-12585.895378242467,0.3173890186682329,12147.41028133965,Enemy
267.8,B0200,N001VE,SEARCH,None,0.0,0.0,0.0,0.0,0.0,Enemy
268.0,A0100,AN/APG-68(V)9,TRACK,B0100,73.81785809174293,0.0,0.0,0.0,0.0,Friendly
268.0,A0200,AN/APG-68(V)9,TRACK,B0100,55.63742322264321,0.0,0.0,0.0,0.0,Friendly
268.0,B0100,N001VE,TRACK,A0200,55.58546010244357,-16.558224703682235,-12585.895378242467,0.30518174871945536,12147.41028133965,Enemy
268.0,B0200,N001VE,SEARCH,None,0.0,0.0,0.0,0.0,0.0,Enemy
268.2,A0100,AN/APG-68(V)9,TRACK,B0100,73.86591276675526,0.0,0.0,0.0,0.0,Friendly
268.2,A0200,AN/APG-68(V)9,TRACK,B0100,55.68909312293282,0.0,0.0,0.0,0.0,Friendly
268.2,B0100,N001VE,SEARCH,A0200,55.58546010244357,-16.558224703682235,-12585.895378242467,0.29297447877067784,12147.41028133965,Enemy
268.2,B0200,N001VE,SEARCH,None,0.0,0.0,0.0,0.0,0.0,Enemy
268.40000000000003,A0100,AN/APG-68(V)9,TRACK,B0100,73.91338765203379,0.0,0.0,0.0,0.0,Friendly
268.40000000000003,A0200,AN/APG-68(V)9,TRACK,B0100,55.740107723119316,0.0,0.0,0.0,0.0,Friendly
268.40000000000003,B0100,N001VE,SEARCH,A0200,55.58546010244357,-16.558224703682235,-12585.895378242467,0.2807672088218968,12147.41028133965,Enemy
268.40000000000003,B0200,N001VE,SEARCH,None,0.0,0.0,0.0,0.0,0.0,Enemy
268.6,A0100,AN/APG-68(V)9,TRACK,B0100,73.96040230774587,0.0,0.0,0.0,0.0,Friendly
268.6,A0200,AN/APG-68(V)9,TRACK,B0100,55.79059103468231,0.0,0.0,0.0,0.0,Friendly
268.6,B0100,N001VE,SEARCH,A0200,55.58546010244357,-16.558224703682235,-12585.895378242467,0.26855993887311935,12147.41028133965,Enemy
268.6,B0200,N001VE,SEARCH,None,0.0,0.0,0.0,0.0,0.0,Enemy
268.8,A0100,AN/APG-68(V)9,TRACK,B0100,74.00706133437721,0.0,0.0,0.0,0.0,Friendly
268.8,A0200,AN/APG-68(V)9,TRACK,B0100,55.84072608517514,0.0,0.0,0.0,0.0,Friendly
268.8,B0100,N001VE,SEARCH,None,0.0,0.0,0.0,0.0,0.0,Enemy
268.8,B0200,N001VE,SEARCH,None,0.0,0.0,0.0,0.0,0.0,Enemy
269.0,A0100,AN/APG-68(V)9,TRACK,B0100,74.05338004772781,0.0,0.0,0.0,0.0,Friendly
269.0,A0200,AN/APG-68(V)9,TRACK,B0100,55.89064066765966,0.0,0.0,0.0,0.0,Friendly
269.0,B0100,N001VE,SEARCH,None,0.0,0.0,0.0,0.0,0.0,Enemy
269.0,B0200,N001VE,SEARCH,None,0.0,0.0,0.0,0.0,0.0,Enemy
269.2,A0100,AN/APG-68(V)9,TRACK,B0100,74.09964139569345,0.0,0.0,0.0,0.0,Friendly
269.2,A0200,AN/APG-68(V)9,TRACK,B0100,55.94057843830493,0.0,0.0,0.0,0.0,Friendly
269.2,B0100,N001VE,SEARCH,None,0.0,0.0,0.0,0.0,0.0,Enemy
269.2,B0200,N001VE,SEARCH,None,0.0,0.0,0.0,0.0,0.0,Enemy
269.40000000000003,A0100,AN/APG-68(V)9,TRACK,B0100,74.14619669053464,0.0,0.0,0.0,0.0,Friendly
269.40000000000003,A0200,AN/APG-68(V)9,TRACK,B0100,55.9908304188407,0.0,0.0,0.0,0.0,Friendly
269.40000000000003,B0100,N001VE,SEARCH,None,0.0,0.0,0.0,0.0,0.0,Enemy
269.40000000000003,B0200,N001VE,SEARCH,None,0.0,0.0,0.0,0.0,0.0,Enemy
269.6,A0100,AN/APG-68(V)9,TRACK,B0100,74.19328677631688,0.0,0.0,0.0,0.0,Friendly
269.6,A0200,AN/APG-68(V)9,TRACK,B0100,56.04166347215035,0.0,0.0,0.0,0.0,Friendly
269.6,B0100,N001VE,SEARCH,None,0.0,0.0,0.0,0.0,0.0,Enemy
269.6,B0200,N001VE,SEARCH,None,0.0,0.0,0.0,0.0,0.0,Enemy
269.8,A0100,AN/APG-68(V)9,TRACK,B0100,74.2404151980194,0.0,0.0,0.0,0.0,Friendly
269.8,A0200,AN/APG-68(V)9,TRACK,B0100,56.092513194372614,0.0,0.0,0.0,0.0,Friendly
269.8,B0100,N001VE,SEARCH,None,0.0,0.0,0.0,0.0,0.0,Enemy
269.8,B0200,N001VE,SEARCH,None,0.0,0.0,0.0,0.0,0.0,Enemy
270.0,A0100,AN/APG-68(V)9,TRACK,B0100,74.28729698476009,0.0,0.0,0.0,0.0,Friendly
270.0,A0200,AN/APG-68(V)9,TRACK,B0100,56.1430751161863,0.0,0.0,0.0,0.0,Friendly
270.0,B0100,N001VE,SEARCH,None,0.0,0.0,0.0,0.0,0.0,Enemy
270.0,B0200,N001VE,SEARCH,None,0.0,0.0,0.0,0.0,0.0,Enemy
270.2,A0100,AN/APG-68(V)9,TRACK,B0100,74.33406588364387,0.0,0.0,0.0,0.0,Friendly
270.2,A0200,AN/APG-68(V)9,TRACK,B0100,56.19349266582266,0.0,0.0,0.0,0.0,Friendly
270.2,B0100,N001VE,SEARCH,None,0.0,0.0,0.0,0.0,0.0,Enemy
270.2,B0200,N001VE,SEARCH,None,0.0,0.0,0.0,0.0,0.0,Enemy
270.40000000000003,A0100,AN/APG-68(V)9,TRACK,B0100,74.38082084968093,0.0,0.0,0.0,0.0,Friendly
270.40000000000003,A0200,AN/APG-68(V)9,TRACK,B0100,56.24389419616727,0.0,0.0,0.0,0.0,Friendly
270.40000000000003,B0100,N001VE,SEARCH,None,0.0,0.0,0.0,0.0,0.0,Enemy
270.40000000000003,B0200,N001VE,SEARCH,None,0.0,0.0,0.0,0.0,0.0,Enemy
270.6,A0100,AN/APG-68(V)9,TRACK,B0100,74.42737716093933,0.0,0.0,0.0,0.0,Friendly
270.6,A0200,AN/APG-68(V)9,TRACK,B0100,56.29418419433829,0.0,0.0,0.0,0.0,Friendly
270.6,B0100,N001VE,SEARCH,None,0.0,0.0,0.0,0.0,0.0,Enemy
270.6,B0200,N001VE,SEARCH,None,0.0,0.0,0.0,0.0,0.0,Enemy
270.8,A0100,AN/APG-68(V)9,TRACK,B0100,74.47344076230601,0.0,0.0,0.0,0.0,Friendly
270.8,A0200,AN/APG-68(V)9,TRACK,B0100,56.34404321933033,0.0,0.0,0.0,0.0,Friendly
270.8,B0100,N001VE,SEARCH,None,0.0,0.0,0.0,0.0,0.0,Enemy
270.8,B0200,N001VE,SEARCH,None,0.0,0.0,0.0,0.0,0.0,Enemy
271.0,A0100,AN/APG-68(V)9,TRACK,B0100,74.519075191464,0.0,0.0,0.0,0.0,Friendly
271.0,A0200,AN/APG-68(V)9,TRACK,B0100,56.39333543456142,0.0,0.0,0.0,0.0,Friendly
271.0,B0100,N001VE,SEARCH,None,0.0,0.0,0.0,0.0,0.0,Enemy
271.0,B0200,N001VE,SEARCH,None,0.0,0.0,0.0,0.0,0.0,Enemy
271.2,A0100,AN/APG-68(V)9,TRACK,B0100,74.56442732508503,0.0,0.0,0.0,0.0,Friendly
271.2,A0200,AN/APG-68(V)9,TRACK,B0100,56.442145293327435,0.0,0.0,0.0,0.0,Friendly
271.2,B0100,N001VE,SEARCH,None,0.0,0.0,0.0,0.0,0.0,Enemy
271.2,B0200,N001VE,SEARCH,None,0.0,0.0,0.0,0.0,0.0,Enemy
271.40000000000003,A0100,AN/APG-68(V)9,TRACK,B0100,74.60957398674101,0.0,0.0,0.0,0.0,Friendly
271.40000000000003,A0200,AN/APG-68(V)9,TRACK,B0100,56.49064574271718,0.0,0.0,0.0,0.0,Friendly
271.40000000000003,B0100,N001VE,SEARCH,None,0.0,0.0,0.0,0.0,0.0,Enemy
271.40000000000003,B0200,N001VE,SEARCH,None,0.0,0.0,0.0,0.0,0.0,Enemy
271.6,A0100,AN/APG-68(V)9,TRACK,B0100,74.65473284768429,0.0,0.0,0.0,0.0,Friendly
271.6,A0200,AN/APG-68(V)9,TRACK,B0100,56.53908832940902,0.0,0.0,0.0,0.0,Friendly
271.6,B0100,N001VE,SEARCH,None,0.0,0.0,0.0,0.0,0.0,Enemy
271.6,B0200,N001VE,SEARCH,None,0.0,0.0,0.0,0.0,0.0,Enemy
271.8,A0100,AN/APG-68(V)9,TRACK,B0100,74.70021746860509,0.0,0.0,0.0,0.0,Friendly
271.8,A0200,AN/APG-68(V)9,TRACK,B0100,56.587771250334136,0.0,0.0,0.0,0.0,Friendly
271.8,B0100,N001VE,TRACK,A0200,56.587771250334136,-16.916907686681803,-12631.970207754628,0.30435897374565557,12117.614465289105,Enemy
271.8,B0200,N001VE,SEARCH,None,0.0,0.0,0.0,0.0,0.0,Enemy
272.0,A0100,AN/APG-68(V)9,TRACK,B0100,74.7459563458716,0.0,0.0,0.0,0.0,Friendly
272.0,A0200,AN/APG-68(V)9,TRACK,B0100,56.63668271248423,0.0,0.0,0.0,0.0,Friendly
272.0,B0100,N001VE,SEARCH,A0200,56.587771250334136,-16.916907686681803,-12631.970207754628,0.2926528593708233,12117.614465289105,Enemy
272.0,B0200,N001VE,SEARCH,None,0.0,0.0,0.0,0.0,0.0,Enemy
272.2,A0100,AN/APG-68(V)9,TRACK,B0100,74.7917991929771,0.0,0.0,0.0,0.0,Friendly
272.2,A0200,AN/APG-68(V)9,TRACK,B0100,56.685718529352975,0.0,0.0,0.0,0.0,Friendly
272.2,B0100,N001VE,SEARCH,A0200,56.587771250334136,-16.916907686681803,-12631.970207754628,0.28094674499599104,12117.614465289105,Enemy
272.2,B0200,N001VE,SEARCH,None,0.0,0.0,0.0,0.0,0.0,Enemy
272.40000000000003,A0100,AN/APG-68(V)9,TRACK,B0100,74.83768430418094,0.0,0.0,0.0,0.0,Friendly
272.40000000000003,A0200,AN/APG-68(V)9,TRACK,B0100,56.73483141600412,0.0,0.0,0.0,0.0,Friendly
272.40000000000003,B0100,N001VE,SEARCH,A0200,56.587771250334136,-16.916907686681803,-12631.970207754628,0.26924063062115544,12117.614465289105,Enemy
272.40000000000003,B0200,N001VE,SEARCH,None,0.0,0.0,0.0,0.0,0.0,Enemy
272.6,A0100,AN/APG-68(V)9,TRACK,B0100,74.88358420472763,0.0,0.0,0.0,0.0,Friendly
272.6,A0200,AN/APG-68(V)9,TRACK,B0100,56.78393501870364,0.0,0.0,0.0,0.0,Friendly
272.6,B0100,N001VE,SEARCH,A0200,56.587771250334136,-16.916907686681803,-12631.970207754628,0.2575345162463232,12117.614465289105,Enemy
272.6,B0200,N001VE,SEARCH,None,0.0,0.0,0.0,0.0,0.0,Enemy
272.8,A0100,AN/APG-68(V)9,TRACK,B0100,74.92956357539607,0.0,0.0,0.0,0.0,Friendly
272.8,A0200,AN/APG-68(V)9,TRACK,B0100,56.8330177404995,0.0,0.0,0.0,0.0,Friendly
272.8,B0100,N001VE,SEARCH,None,0.0,0.0,0.0,0.0,0.0,Enemy
272.8,B0200,N001VE,SEARCH,None,0.0,0.0,0.0,0.0,0.0,Enemy
273.0,A0100,AN/APG-68(V)9,TRACK,B0100,74.97582036291695,0.0,0.0,0.0,0.0,Friendly
273.0,A0200,AN/APG-68(V)9,TRACK,B0100,56.88231504543858,0.0,0.0,0.0,0.0,Friendly
273.0,B0100,N001VE,SEARCH,None,0.0,0.0,0.0,0.0,0.0,Enemy
273.0,B0200,N001VE,SEARCH,None,0.0,0.0,0.0,0.0,0.0,Enemy
273.2,A0100,AN/APG-68(V)9,TRACK,B0100,75.02231611883472,0.0,0.0,0.0,0.0,Friendly
273.2,A0200,AN/APG-68(V)9,TRACK,B0100,56.93185485217662,0.0,0.0,0.0,0.0,Friendly
273.2,B0100,N001VE,SEARCH,None,0.0,0.0,0.0,0.0,0.0,Enemy
273.2,B0200,N001VE,SEARCH,None,0.0,0.0,0.0,0.0,0.0,Enemy
273.40000000000003,A0100,AN/APG-68(V)9,TRACK,B0100,75.06896856296792,0.0,0.0,0.0,0.0,Friendly
273.40000000000003,A0200,AN/APG-68(V)9,TRACK,B0100,56.9815897515785,0.0,0.0,0.0,0.0,Friendly
273.40000000000003,B0100,N001VE,SEARCH,None,0.0,0.0,0.0,0.0,0.0,Enemy
273.40000000000003,B0200,N001VE,SEARCH,None,0.0,0.0,0.0,0.0,0.0,Enemy
273.6,A0100,AN/APG-68(V)9,TRACK,B0100,75.11569248572313,0.0,0.0,0.0,0.0,Friendly
273.6,A0200,AN/APG-68(V)9,TRACK,B0100,57.03142783855721,0.0,0.0,0.0,0.0,Friendly
273.6,B0100,N001VE,SEARCH,None,0.0,0.0,0.0,0.0,0.0,Enemy
273.6,B0200,N001VE,SEARCH,None,0.0,0.0,0.0,0.0,0.0,Enemy
273.8,A0100,AN/APG-68(V)9,TRACK,B0100,75.16242959559975,0.0,0.0,0.0,0.0,Friendly
273.8,A0200,AN/APG-68(V)9,TRACK,B0100,57.08123807081575,0.0,0.0,0.0,0.0,Friendly
273.8,B0100,N001VE,SEARCH,None,0.0,0.0,0.0,0.0,0.0,Enemy
273.8,B0200,N001VE,SEARCH,None,0.0,0.0,0.0,0.0,0.0,Enemy
274.0,A0100,AN/APG-68(V)9,TRACK,B0100,75.20924463334329,0.0,0.0,0.0,0.0,Friendly
274.0,A0200,AN/APG-68(V)9,TRACK,B0100,57.13103161042676,0.0,0.0,0.0,0.0,Friendly
274.0,B0100,N001VE,SEARCH,None,0.0,0.0,0.0,0.0,0.0,Enemy
274.0,B0200,N001VE,SEARCH,None,0.0,0.0,0.0,0.0,0.0,Enemy
274.2,A0100,AN/APG-68(V)9,TRACK,B0100,75.25618952474858,0.0,0.0,0.0,0.0,Friendly
274.2,A0200,AN/APG-68(V)9,TRACK,B0100,57.18080606429595,0.0,0.0,0.0,0.0,Friendly
274.2,B0100,N001VE,SEARCH,None,0.0,0.0,0.0,0.0,0.0,Enemy
274.2,B0200,N001VE,SEARCH,None,0.0,0.0,0.0,0.0,0.0,Enemy
274.40000000000003,A0100,AN/APG-68(V)9,TRACK,B0100,75.3032191760788,0.0,0.0,0.0,0.0,Friendly
274.40000000000003,A0200,AN/APG-68(V)9,TRACK,B0100,57.23052849065913,0.0,0.0,0.0,0.0,Friendly
274.40000000000003,B0100,N001VE,SEARCH,None,0.0,0.0,0.0,0.0,0.0,Enemy
274.40000000000003,B0200,N001VE,SEARCH,None,0.0,0.0,0.0,0.0,0.0,Enemy
274.6,A0100,AN/APG-68(V)9,TRACK,B0100,75.3502433768435,0.0,0.0,0.0,0.0,Friendly
274.6,A0200,AN/APG-68(V)9,TRACK,B0100,57.2801453248338,0.0,0.0,0.0,0.0,Friendly
274.6,B0100,N001VE,SEARCH,None,0.0,0.0,0.0,0.0,0.0,Enemy
274.6,B0200,N001VE,SEARCH,None,0.0,0.0,0.0,0.0,0.0,Enemy
274.8,A0100,AN/APG-68(V)9,TRACK,B0100,75.39738167613528,0.0,0.0,0.0,0.0,Friendly
274.8,A0200,AN/APG-68(V)9,TRACK,B0100,57.32978552852311,0.0,0.0,0.0,0.0,Friendly
274.8,B0100,N001VE,SEARCH,A0200,57.32978552852311,-17.177372973286108,-12607.86414201973,0.2947127881291989,12094.670225264239,Enemy
274.8,B0200,N001VE,SEARCH,A0200,57.70664393743513,-17.29763469849309,-12649.13714777742,0.28981362881334266,12076.76865250977,Enemy
275.0,A0100,AN/APG-68(V)9,TRACK,B0100,75.4448310809827,0.0,0.0,0.0,0.0,Friendly
275.0,A0200,AN/APG-68(V)9,TRACK,B0100,57.37968828582464,0.0,0.0,0.0,0.0,Friendly
275.0,B0100,N001VE,SEARCH,A0200,57.32978552852311,-17.177372973286108,-12607.86414201973,0.28337768089346105,12094.670225264239,Enemy
275.0,B0200,N001VE,SEARCH,A0200,57.70664393743513,-17.29763469849309,-12649.13714777742,0.27866695078206083,12076.76865250977,Enemy
275.2,A0100,AN/APG-68(V)9,TRACK,B0100,75.4923976423986,0.0,0.0,0.0,0.0,Friendly
275.2,A0200,AN/APG-68(V)9,TRACK,B0100,57.429813322076654,0.0,0.0,0.0,0.0,Friendly
275.2,B0100,N001VE,SEARCH,A0200,57.32978552852311,-17.177372973286108,-12607.86414201973,0.2720425736577233,12094.670225264239,Enemy
275.2,B0200,N001VE,SEARCH,A0200,57.70664393743513,-17.29763469849309,-12649.13714777742,0.26752027275077905,12076.76865250977,Enemy
275.40000000000003,A0100,AN/APG-68(V)9,TRACK,B0100,75.54002830986315,0.0,0.0,0.0,0.0,Friendly
275.40000000000003,A0200,AN/APG-68(V)9,TRACK,B0100,57.48005172461699,0.0,0.0,0.0,0.0,Friendly
275.40000000000003,B0100,N001VE,SEARCH,A0200,57.32978552852311,-17.177372973286108,-12607.86414201973,0.2607074664219822,12094.670225264239,Enemy
275.40000000000003,B0200,N001VE,SEARCH,A0200,57.70664393743513,-17.29763469849309,-12649.13714777742,0.25637359471949406,12076.76865250977,Enemy
275.6,A0100,AN/APG-68(V)9,TRACK,B0100,75.58780189009306,0.0,0.0,0.0,0.0,Friendly
275.6,A0200,AN/APG-68(V)9,TRACK,B0100,57.530369452868506,0.0,0.0,0.0,0.0,Friendly
275.6,B0100,N001VE,SEARCH,A0200,57.32978552852311,-17.177372973286108,-12607.86414201973,0.24937235918624442,12094.670225264239,Enemy
275.6,B0200,N001VE,SEARCH,A0200,57.70664393743513,-17.29763469849309,-12649.13714777742,0.24522691668821225,12076.76865250977,Enemy
275.8,A0100,AN/APG-68(V)9,TRACK,B0100,75.63568638412197,0.0,0.0,0.0,0.0,Friendly
275.8,A0200,AN/APG-68(V)9,TRACK,B0100,57.58069134226127,0.0,0.0,0.0,0.0,Friendly
275.8,B0100,N001VE,SEARCH,None,0.0,0.0,0.0,0.0,0.0,Enemy
275.8,B0200,N001VE,SEARCH,A0200,57.95712036034866,-17.38513058487964,-12634.948497046867,0.28655743531546685,12069.439941058432,Enemy
276.0,A0100,AN/APG-68(V)9,TRACK,B0100,75.6837451266065,0.0,0.0,0.0,0.0,Friendly
276.0,A0200,AN/APG-68(V)9,TRACK,B0100,57.63110155500001,0.0,0.0,0.0,0.0,Friendly
276.0,B0100,N001VE,SEARCH,None,0.0,0.0,0.0,0.0,0.0,Enemy
276.0,B0200,N001VE,SEARCH,A0200,57.95712036034866,-17.38513058487964,-12634.948497046867,0.2755359954956418,12069.439941058432,Enemy
276.2,A0100,AN/APG-68(V)9,TRACK,B0100,75.73195610165081,0.0,0.0,0.0,0.0,Friendly
276.2,A0200,AN/APG-68(V)9,TRACK,B0100,57.681627677521064,0.0,0.0,0.0,0.0,Friendly
276.2,B0100,N001VE,SEARCH,None,0.0,0.0,0.0,0.0,0.0,Enemy
276.2,B0200,N001VE,SEARCH,A0200,57.95712036034866,-17.38513058487964,-12634.948497046867,0.2645145556758167,12069.439941058432,Enemy
276.40000000000003,A0100,AN/APG-68(V)9,TRACK,B0100,75.78023765018138,0.0,0.0,0.0,0.0,Friendly
276.40000000000003,A0200,AN/APG-68(V)9,TRACK,B0100,57.73225422125903,0.0,0.0,0.0,0.0,Friendly
276.40000000000003,B0100,N001VE,SEARCH,None,0.0,0.0,0.0,0.0,0.0,Enemy
276.40000000000003,B0200,N001VE,SEARCH,A0200,57.95712036034866,-17.38513058487964,-12634.948497046867,0.25349311585598855,12069.439941058432,Enemy
276.6,A0100,AN/APG-68(V)9,TRACK,B0100,75.82859606549529,0.0,0.0,0.0,0.0,Friendly
276.6,A0200,AN/APG-68(V)9,TRACK,B0100,57.78291566652992,0.0,0.0,0.0,0.0,Friendly
276.6,B0100,N001VE,SEARCH,None,0.0,0.0,0.0,0.0,0.0,Enemy
276.6,B0200,N001VE,SEARCH,A0200,57.95712036034866,-17.38513058487964,-12634.948497046867,0.2424716760361635,12069.439941058432,Enemy
276.8,A0100,AN/APG-68(V)9,TRACK,B0100,75.87711195758963,0.0,0.0,0.0,0.0,Friendly
276.8,A0200,AN/APG-68(V)9,TRACK,B0100,57.833622410129514,0.0,0.0,0.0,0.0,Friendly
276.8,B0100,N001VE,SEARCH,None,0.0,0.0,0.0,0.0,0.0,Enemy
276.8,B0200,N001VE,SEARCH,None,0.0,0.0,0.0,0.0,0.0,Enemy
277.0,A0100,AN/APG-68(V)9,TRACK,B0100,75.92574087762183,0.0,0.0,0.0,0.0,Friendly
277.0,A0200,AN/APG-68(V)9,TRACK,B0100,57.88439585666823,0.0,0.0,0.0,0.0,Friendly
277.0,B0100,N001VE,SEARCH,None,0.0,0.0,0.0,0.0,0.0,Enemy
277.0,B0200,N001VE,SEARCH,None,0.0,0.0,0.0,0.0,0.0,Enemy
277.2,A0100,AN/APG-68(V)9,TRACK,B0100,75.97440407202274,0.0,0.0,0.0,0.0,Friendly
277.2,A0200,AN/APG-68(V)9,TRACK,B0100,57.93517501631758,0.0,0.0,0.0,0.0,Friendly
277.2,B0100,N001VE,SEARCH,None,0.0,0.0,0.0,0.0,0.0,Enemy
277.2,B0200,N001VE,SEARCH,None,0.0,0.0,0.0,0.0,0.0,Enemy
277.40000000000003,A0100,AN/APG-68(V)9,TRACK,B0100,76.02318665065454,0.0,0.0,0.0,0.0,Friendly
277.40000000000003,A0200,AN/APG-68(V)9,TRACK,B0100,57.986035282808466,0.0,0.0,0.0,0.0,Friendly
277.40000000000003,B0100,N001VE,SEARCH,None,0.0,0.0,0.0,0.0,0.0,Enemy
277.40000000000003,B0200,N001VE,SEARCH,None,0.0,0.0,0.0,0.0,0.0,Enemy
277.6,A0100,AN/APG-68(V)9,TRACK,B0100,76.07213009366463,0.0,0.0,0.0,0.0,Friendly
277.6,A0200,AN/APG-68(V)9,TRACK,B0100,58.03702036336415,0.0,0.0,0.0,0.0,Friendly
277.6,B0100,N001VE,SEARCH,None,0.0,0.0,0.0,0.0,0.0,Enemy
277.6,B0200,N001VE,SEARCH,None,0.0,0.0,0.0,0.0,0.0,Enemy
277.8,A0100,AN/APG-68(V)9,TRACK,B0100,76.12119050708804,0.0,0.0,0.0,0.0,Friendly
277.8,A0200,AN/APG-68(V)9,TRACK,B0100,58.088104645708086,0.0,0.0,0.0,0.0,Friendly
277.8,B0100,N001VE,SEARCH,None,0.0,0.0,0.0,0.0,0.0,Enemy
277.8,B0200,N001VE,SEARCH,None,0.0,0.0,0.0,0.0,0.0,Enemy
278.0,A0100,AN/APG-68(V)9,TRACK,B0100,76.17021989141769,0.0,0.0,0.0,0.0,Friendly
278.0,A0200,AN/APG-68(V)9,TRACK,B0100,58.139206418726516,0.0,0.0,0.0,0.0,Friendly
278.0,B0100,N001VE,SEARCH,None,0.0,0.0,0.0,0.0,0.0,Enemy
278.0,B0200,N001VE,SEARCH,None,0.0,0.0,0.0,0.0,0.0,Enemy
278.2,A0100,AN/APG-68(V)9,TRACK,B0100,76.21920310454884,0.0,0.0,0.0,0.0,Friendly
278.2,A0200,AN/APG-68(V)9,TRACK,B0100,58.19043352949004,0.0,0.0,0.0,0.0,Friendly
278.2,B0100,N001VE,SEARCH,None,0.0,0.0,0.0,0.0,0.0,Enemy
278.2,B0200,N001VE,SEARCH,None,0.0,0.0,0.0,0.0,0.0,Enemy
278.40000000000003,A0100,AN/APG-68(V)9,TRACK,B0100,76.2682395473159,0.0,0.0,0.0,0.0,Friendly
278.40000000000003,A0200,AN/APG-68(V)9,TRACK,B0100,58.24174755963152,0.0,0.0,0.0,0.0,Friendly
278.40000000000003,B0100,N001VE,SEARCH,None,0.0,0.0,0.0,0.0,0.0,Enemy
278.40000000000003,B0200,N001VE,SEARCH,None,0.0,0.0,0.0,0.0,0.0,Enemy
278.6,A0100,AN/APG-68(V)9,TRACK,B0100,76.3173876880456,0.0,0.0,0.0,0.0,Friendly
278.6,A0200,AN/APG-68(V)9,TRACK,B0100,58.29301139975625,0.0,0.0,0.0,0.0,Friendly
278.6,B0100,N001VE,SEARCH,None,0.0,0.0,0.0,0.0,0.0,Enemy
278.6,B0200,N001VE,SEARCH,None,0.0,0.0,0.0,0.0,0.0,Enemy
278.8,A0100,AN/APG-68(V)9,TRACK,B0100,76.36650149635231,0.0,0.0,0.0,0.0,Friendly
278.8,A0200,AN/APG-68(V)9,TRACK,B0100,58.34425540533421,0.0,0.0,0.0,0.0,Friendly
278.8,B0100,N001VE,SEARCH,None,0.0,0.0,0.0,0.0,0.0,Enemy
278.8,B0200,N001VE,SEARCH,None,0.0,0.0,0.0,0.0,0.0,Enemy
279.0,A0100,AN/APG-68(V)9,TRACK,B0100,76.41551198159594,0.0,0.0,0.0,0.0,Friendly
279.0,A0200,AN/APG-68(V)9,TRACK,B0100,58.39558764448447,0.0,0.0,0.0,0.0,Friendly
279.0,B0100,N001VE,SEARCH,None,0.0,0.0,0.0,0.0,0.0,Enemy
279.0,B0200,N001VE,SEARCH,None,0.0,0.0,0.0,0.0,0.0,Enemy
279.2,A0100,AN/APG-68(V)9,TRACK,B0100,76.46458056800894,0.0,0.0,0.0,0.0,Friendly
279.2,A0200,AN/APG-68(V)9,TRACK,B0100,58.44718400106572,0.0,0.0,0.0,0.0,Friendly
279.2,B0100,N001VE,SEARCH,None,0.0,0.0,0.0,0.0,0.0,Enemy
279.2,B0200,N001VE,SEARCH,None,0.0,0.0,0.0,0.0,0.0,Enemy
279.40000000000003,A0100,AN/APG-68(V)9,TRACK,B0100,76.51371771929087,0.0,0.0,0.0,0.0,Friendly
279.40000000000003,A0200,AN/APG-68(V)9,TRACK,B0100,58.49894674476944,0.0,0.0,0.0,0.0,Friendly
279.40000000000003,B0100,N001VE,SEARCH,None,0.0,0.0,0.0,0.0,0.0,Enemy
279.40000000000003,B0200,N001VE,SEARCH,None,0.0,0.0,0.0,0.0,0.0,Enemy
279.6,A0100,AN/APG-68(V)9,TRACK,B0100,76.5628867463949,0.0,0.0,0.0,0.0,Friendly
279.6,A0200,AN/APG-68(V)9,TRACK,B0100,58.55066534681089,0.0,0.0,0.0,0.0,Friendly
279.6,B0100,N001VE,SEARCH,None,0.0,0.0,0.0,0.0,0.0,Enemy
279.6,B0200,N001VE,SEARCH,None,0.0,0.0,0.0,0.0,0.0,Enemy
279.8,A0100,AN/APG-68(V)9,TRACK,B0100,76.61198955932598,0.0,0.0,0.0,0.0,Friendly
279.8,A0200,AN/APG-68(V)9,TRACK,B0100,58.602238159943774,0.0,0.0,0.0,0.0,Friendly
279.8,B0100,N001VE,SEARCH,A0200,58.602238159943774,-17.622812592150623,-12493.847760537848,0.27817090392073035,12058.481589547404,Enemy
279.8,B0200,N001VE,SEARCH,A0200,58.975431963748846,-17.740312498530784,-12532.27182056373,0.27331938447126447,12041.237523695921,Enemy
280.0,A0100,AN/APG-68(V)9,TRACK,B0100,76.66086043097367,0.0,0.0,0.0,0.0,Friendly
280.0,A0200,AN/APG-68(V)9,TRACK,B0100,58.65345644941543,0.0,0.0,0.0,0.0,Friendly
280.0,B0100,N001VE,SEARCH,A0200,58.602238159943774,-17.622812592150623,-12493.847760537848,0.26747202300070283,12058.481589547404,Enemy
280.0,B0200,N001VE,SEARCH,A0200,58.975431963748846,-17.740312498530784,-12532.27182056373,0.2628071004531395,12041.237523695921,Enemy
280.2,A0100,AN/APG-68(V)9,TRACK,B0100,76.70953147692332,0.0,0.0,0.0,0.0,Friendly
280.2,A0200,AN/APG-68(V)9,TRACK,B0100,58.70426050751129,0.0,0.0,0.0,0.0,Friendly
280.2,B0100,N001VE,SEARCH,A0200,58.602238159943774,-17.622812592150623,-12493.847760537848,0.2567731420806753,12058.481589547404,Enemy
280.2,B0200,N001VE,SEARCH,A0200,58.975431963748846,-17.740312498530784,-12532.27182056373,0.2522948164350145,12041.237523695921,Enemy
280.40000000000003,A0100,AN/APG-68(V)9,TRACK,B0100,76.75825299091133,0.0,0.0,0.0,0.0,Friendly
280.40000000000003,A0200,AN/APG-68(V)9,TRACK,B0100,58.75492900681465,0.0,0.0,0.0,0.0,Friendly
280.40000000000003,B0100,N001VE,SEARCH,A0200,58.602238159943774,-17.622812592150623,-12493.847760537848,0.24607426116064476,12058.481589547404,Enemy
280.40000000000003,B0200,N001VE,SEARCH,A0200,58.975431963748846,-17.740312498530784,-12532.27182056373,0.24178253241688652,12041.237523695921,Enemy
280.6,A0100,AN/APG-68(V)9,TRACK,B0100,76.80724104906082,0.0,0.0,0.0,0.0,Friendly
280.6,A0200,AN/APG-68(V)9,TRACK,B0100,58.80580308460296,0.0,0.0,0.0,0.0,Friendly
280.6,B0100,N001VE,SEARCH,A0200,58.602238159943774,-17.622812592150623,-12493.847760537848,0.23537538024061727,12058.481589547404,Enemy
280.6,B0200,N001VE,SEARCH,A0200,58.975431963748846,-17.740312498530784,-12532.27182056373,0.23127024839876156,12041.237523695921,Enemy
280.8,A0100,AN/APG-68(V)9,TRACK,B0100,76.85642505613436,0.0,0.0,0.0,0.0,Friendly
280.8,A0200,AN/APG-68(V)9,TRACK,B0100,58.85689378279835,0.0,0.0,0.0,0.0,Friendly
280.8,B0100,N001VE,SEARCH,None,0.0,0.0,0.0,0.0,0.0,Enemy
280.8,B0200,N001VE,SEARCH,None,0.0,0.0,0.0,0.0,0.0,Enemy
281.0,A0100,AN/APG-68(V)9,TRACK,B0100,76.90556459280975,0.0,0.0,0.0,0.0,Friendly
281.0,A0200,AN/APG-68(V)9,TRACK,B0100,58.90806395402753,0.0,0.0,0.0,0.0,Friendly
281.0,B0100,N001VE,SEARCH,None,0.0,0.0,0.0,0.0,0.0,Enemy
281.0,B0200,N001VE,SEARCH,None,0.0,0.0,0.0,0.0,0.0,Enemy
281.2,A0100,AN/APG-68(V)9,TRACK,B0100,76.95455569498563,0.0,0.0,0.0,0.0,Friendly
281.2,A0200,AN/APG-68(V)9,TRACK,B0100,58.95920185205729,0.0,0.0,0.0,0.0,Friendly
281.2,B0100,N001VE,SEARCH,None,0.0,0.0,0.0,0.0,0.0,Enemy
281.2,B0200,N001VE,SEARCH,None,0.0,0.0,0.0,0.0,0.0,Enemy
281.40000000000003,A0100,AN/APG-68(V)9,TRACK,B0100,77.00344693224359,0.0,0.0,0.0,0.0,Friendly
281.40000000000003,A0200,AN/APG-68(V)9,TRACK,B0100,59.01017408325902,0.0,0.0,0.0,0.0,Friendly
281.40000000000003,B0100,N001VE,SEARCH,None,0.0,0.0,0.0,0.0,0.0,Enemy
281.40000000000003,B0200,N001VE,SEARCH,None,0.0,0.0,0.0,0.0,0.0,Enemy
281.6,A0100,AN/APG-68(V)9,TRACK,B0100,77.05191766546177,0.0,0.0,0.0,0.0,Friendly
281.6,A0200,AN/APG-68(V)9,TRACK,B0100,59.06061945962943,0.0,0.0,0.0,0.0,Friendly
281.6,B0100,N001VE,SEARCH,None,0.0,0.0,0.0,0.0,0.0,Enemy
281.6,B0200,N001VE,SEARCH,None,0.0,0.0,0.0,0.0,0.0,Enemy
281.8,A0100,AN/APG-68(V)9,TRACK,B0100,77.09991507097044,0.0,0.0,0.0,0.0,Friendly
281.8,A0200,AN/APG-68(V)9,TRACK,B0100,59.11051407996314,0.0,0.0,0.0,0.0,Friendly
281.8,B0100,N001VE,SEARCH,None,0.0,0.0,0.0,0.0,0.0,Enemy
281.8,B0200,N001VE,SEARCH,None,0.0,0.0,0.0,0.0,0.0,Enemy
282.0,A0100,AN/APG-68(V)9,TRACK,B0100,77.14791471773414,0.0,0.0,0.0,0.0,Friendly
282.0,A0200,AN/APG-68(V)9,TRACK,B0100,59.16031785799927,0.0,0.0,0.0,0.0,Friendly
282.0,B0100,N001VE,SEARCH,None,0.0,0.0,0.0,0.0,0.0,Enemy
282.0,B0200,N001VE,SEARCH,None,0.0,0.0,0.0,0.0,0.0,Enemy
282.2,A0100,AN/APG-68(V)9,TRACK,B0100,77.19615082993509,0.0,0.0,0.0,0.0,Friendly
282.2,A0200,AN/APG-68(V)9,TRACK,B0100,59.2103198460611,0.0,0.0,0.0,0.0,Friendly
282.2,B0100,N001VE,SEARCH,None,0.0,0.0,0.0,0.0,0.0,Enemy
282.2,B0200,N001VE,SEARCH,None,0.0,0.0,0.0,0.0,0.0,Enemy
282.40000000000003,A0100,AN/APG-68(V)9,TRACK,B0100,77.24469100836349,0.0,0.0,0.0,0.0,Friendly
282.40000000000003,A0200,AN/APG-68(V)9,TRACK,B0100,59.26064615483569,0.0,0.0,0.0,0.0,Friendly
282.40000000000003,B0100,N001VE,SEARCH,None,0.0,0.0,0.0,0.0,0.0,Enemy
282.40000000000003,B0200,N001VE,SEARCH,None,0.0,0.0,0.0,0.0,0.0,Enemy
282.6,A0100,AN/APG-68(V)9,TRACK,B0100,77.29345864677053,0.0,0.0,0.0,0.0,Friendly
282.6,A0200,AN/APG-68(V)9,TRACK,B0100,59.3111215237719,0.0,0.0,0.0,0.0,Friendly
282.6,B0100,N001VE,SEARCH,None,0.0,0.0,0.0,0.0,0.0,Enemy
282.6,B0200,N001VE,SEARCH,None,0.0,0.0,0.0,0.0,0.0,Enemy
282.8,A0100,AN/APG-68(V)9,TRACK,B0100,77.34193503974562,0.0,0.0,0.0,0.0,Friendly
282.8,A0200,AN/APG-68(V)9,TRACK,B0100,59.36113973738586,0.0,0.0,0.0,0.0,Friendly
282.8,B0100,N001VE,SEARCH,None,0.0,0.0,0.0,0.0,0.0,Enemy
282.8,B0200,N001VE,SEARCH,A0200,59.739520977143584,-18.00564320385616,-12483.974227241228,0.2633862272971329,12021.354507715316,Enemy
283.0,A0100,AN/APG-68(V)9,TRACK,B0100,77.3898415547516,0.0,0.0,0.0,0.0,Friendly
283.0,A0200,AN/APG-68(V)9,TRACK,B0100,59.41058753647344,0.0,0.0,0.0,0.0,Friendly
283.0,B0100,N001VE,SEARCH,None,0.0,0.0,0.0,0.0,0.0,Enemy
283.0,B0200,N001VE,SEARCH,A0200,59.739520977143584,-18.00564320385616,-12483.974227241228,0.25325598778570524,12021.354507715316,Enemy
283.2,A0100,AN/APG-68(V)9,TRACK,B0100,77.43759261185755,0.0,0.0,0.0,0.0,Friendly
283.2,A0200,AN/APG-68(V)9,TRACK,B0100,59.45996586074067,0.0,0.0,0.0,0.0,Friendly
283.2,B0100,N001VE,SEARCH,None,0.0,0.0,0.0,0.0,0.0,Enemy
283.2,B0200,N001VE,SEARCH,A0200,59.739520977143584,-18.00564320385616,-12483.974227241228,0.2431257482742776,12021.354507715316,Enemy
283.40000000000003,A0100,AN/APG-68(V)9,TRACK,B0100,77.48554898336131,0.0,0.0,0.0,0.0,Friendly
283.40000000000003,A0200,AN/APG-68(V)9,TRACK,B0100,59.50955496106209,0.0,0.0,0.0,0.0,Friendly
283.40000000000003,B0100,N001VE,SEARCH,None,0.0,0.0,0.0,0.0,0.0,Enemy
283.40000000000003,B0200,N001VE,SEARCH,A0200,59.739520977143584,-18.00564320385616,-12483.974227241228,0.23299550876284708,12021.354507715316,Enemy
283.6,A0100,AN/APG-68(V)9,TRACK,B0100,77.53375373595672,0.0,0.0,0.0,0.0,Friendly
283.6,A0200,AN/APG-68(V)9,TRACK,B0100,59.55939448762847,0.0,0.0,0.0,0.0,Friendly
283.6,B0100,N001VE,SEARCH,None,0.0,0.0,0.0,0.0,0.0,Enemy
283.6,B0200,N001VE,SEARCH,A0200,59.739520977143584,-18.00564320385616,-12483.974227241228,0.22286526925141945,12021.354507715316,Enemy
283.8,A0100,AN/APG-68(V)9,TRACK,B0100,77.58225503162376,0.0,0.0,0.0,0.0,Friendly
283.8,A0200,AN/APG-68(V)9,TRACK,B0100,59.609529399066,0.0,0.0,0.0,0.0,Friendly
283.8,B0100,N001VE,SEARCH,None,0.0,0.0,0.0,0.0,0.0,Enemy
283.8,B0200,N001VE,SEARCH,A0200,59.98829196997655,-18.09139991608158,-12521.48866897037,0.2601522043903044,12014.873888375405,Enemy
284.0,A0100,AN/APG-68(V)9,TRACK,B0100,77.63091748017868,0.0,0.0,0.0,0.0,Friendly
284.0,A0200,AN/APG-68(V)9,TRACK,B0100,59.65981215094606,0.0,0.0,0.0,0.0,Friendly
284.0,B0100,N001VE,SEARCH,None,0.0,0.0,0.0,0.0,0.0,Enemy
284.0,B0200,N001VE,SEARCH,A0200,59.98829196997655,-18.09139991608158,-12521.48866897037,0.2501463503752932,12014.873888375405,Enemy
284.2,A0100,AN/APG-68(V)9,TRACK,B0100,77.67923046723054,0.0,0.0,0.0,0.0,Friendly
284.2,A0200,AN/APG-68(V)9,TRACK,B0100,59.70975290631716,0.0,0.0,0.0,0.0,Friendly
284.2,B0100,N001VE,SEARCH,None,0.0,0.0,0.0,0.0,0.0,Enemy
284.2,B0200,N001VE,SEARCH,A0200,59.98829196997655,-18.09139991608158,-12521.48866897037,0.24014049636028204,12014.873888375405,Enemy
284.40000000000003,A0100,AN/APG-68(V)9,TRACK,B0100,77.72705159289899,0.0,0.0,0.0,0.0,Friendly
284.40000000000003,A0200,AN/APG-68(V)9,TRACK,B0100,59.759167603093665,0.0,0.0,0.0,0.0,Friendly
284.40000000000003,B0100,N001VE,SEARCH,None,0.0,0.0,0.0,0.0,0.0,Enemy
284.40000000000003,B0200,N001VE,SEARCH,A0200,59.98829196997655,-18.09139991608158,-12521.48866897037,0.23013464234526804,12014.873888375405,Enemy
284.6,A0100,AN/APG-68(V)9,TRACK,B0100,77.7747309344423,0.0,0.0,0.0,0.0,Friendly
284.6,A0200,AN/APG-68(V)9,TRACK,B0100,59.8084592190428,0.0,0.0,0.0,0.0,Friendly
284.6,B0100,N001VE,SEARCH,None,0.0,0.0,0.0,0.0,0.0,Enemy
284.6,B0200,N001VE,SEARCH,A0200,59.98829196997655,-18.09139991608158,-12521.48866897037,0.22012878833025687,12014.873888375405,Enemy
284.8,A0100,AN/APG-68(V)9,TRACK,B0100,77.82246281743008,0.0,0.0,0.0,0.0,Friendly
284.8,A0200,AN/APG-68(V)9,TRACK,B0100,59.857926846997735,0.0,0.0,0.0,0.0,Friendly
284.8,B0100,N001VE,SEARCH,None,0.0,0.0,0.0,0.0,0.0,Enemy
284.8,B0200,N001VE,SEARCH,None,0.0,0.0,0.0,0.0,0.0,Enemy
285.0,A0100,AN/APG-68(V)9,TRACK,B0100,77.87031467551623,0.0,0.0,0.0,0.0,Friendly
285.0,A0200,AN/APG-68(V)9,TRACK,B0100,59.90759976953454,0.0,0.0,0.0,0.0,Friendly
285.0,B0100,N001VE,SEARCH,None,0.0,0.0,0.0,0.0,0.0,Enemy
285.0,B0200,N001VE,SEARCH,None,0.0,0.0,0.0,0.0,0.0,Enemy
285.2,A0100,AN/APG-68(V)9,TRACK,B0100,77.91838838246576,0.0,0.0,0.0,0.0,Friendly
285.2,A0200,AN/APG-68(V)9,TRACK,B0100,59.95753959538556,0.0,0.0,0.0,0.0,Friendly
285.2,B0100,N001VE,SEARCH,None,0.0,0.0,0.0,0.0,0.0,Enemy
285.2,B0200,N001VE,SEARCH,None,0.0,0.0,0.0,0.0,0.0,Enemy
285.40000000000003,A0100,AN/APG-68(V)9,TRACK,B0100,77.96668995438363,0.0,0.0,0.0,0.0,Friendly
285.40000000000003,A0200,AN/APG-68(V)9,TRACK,B0100,60.00769549311873,0.0,0.0,0.0,0.0,Friendly
285.40000000000003,B0100,N001VE,SEARCH,None,0.0,0.0,0.0,0.0,0.0,Enemy
285.40000000000003,B0200,N001VE,SEARCH,None,0.0,0.0,0.0,0.0,0.0,Enemy
285.6,A0100,AN/APG-68(V)9,TRACK,B0100,78.01496430394792,0.0,0.0,0.0,0.0,Friendly
285.6,A0200,AN/APG-68(V)9,TRACK,B0100,60.05776350720861,0.0,0.0,0.0,0.0,Friendly
285.6,B0100,N001VE,SEARCH,None,0.0,0.0,0.0,0.0,0.0,Enemy
285.6,B0200,N001VE,SEARCH,None,0.0,0.0,0.0,0.0,0.0,Enemy
285.8,A0100,AN/APG-68(V)9,TRACK,B0100,78.06273538083607,0.0,0.0,0.0,0.0,Friendly
285.8,A0200,AN/APG-68(V)9,TRACK,B0100,60.10734323922612,0.0,0.0,0.0,0.0,Friendly
285.8,B0100,N001VE,SEARCH,None,0.0,0.0,0.0,0.0,0.0,Enemy
285.8,B0200,N001VE,SEARCH,None,0.0,0.0,0.0,0.0,0.0,Enemy
286.0,A0100,AN/APG-68(V)9,TRACK,B0100,78.10976369613421,0.0,0.0,0.0,0.0,Friendly
286.0,A0200,AN/APG-68(V)9,TRACK,B0100,60.156186012861575,0.0,0.0,0.0,0.0,Friendly
286.0,B0100,N001VE,SEARCH,None,0.0,0.0,0.0,0.0,0.0,Enemy
286.0,B0200,N001VE,SEARCH,None,0.0,0.0,0.0,0.0,0.0,Enemy
286.2,A0100,AN/APG-68(V)9,TRACK,B0100,78.1561842106673,0.0,0.0,0.0,0.0,Friendly
286.2,A0200,AN/APG-68(V)9,TRACK,B0100,60.204361706659206,0.0,0.0,0.0,0.0,Friendly
286.2,B0100,N001VE,SEARCH,None,0.0,0.0,0.0,0.0,0.0,Enemy
286.2,B0200,N001VE,SEARCH,None,0.0,0.0,0.0,0.0,0.0,Enemy
286.40000000000003,A0100,AN/APG-68(V)9,TRACK,B0100,78.20204924911509,0.0,0.0,0.0,0.0,Friendly
286.40000000000003,A0200,AN/APG-68(V)9,TRACK,B0100,60.25208161420328,0.0,0.0,0.0,0.0,Friendly
286.40000000000003,B0100,N001VE,SEARCH,None,0.0,0.0,0.0,0.0,0.0,Enemy
286.40000000000003,B0200,N001VE,SEARCH,None,0.0,0.0,0.0,0.0,0.0,Enemy
286.6,A0100,AN/APG-68(V)9,TRACK,B0100,78.24771670798928,0.0,0.0,0.0,0.0,Friendly
286.6,A0200,AN/APG-68(V)9,TRACK,B0100,60.29983655635068,0.0,0.0,0.0,0.0,Friendly
286.6,B0100,N001VE,SEARCH,None,0.0,0.0,0.0,0.0,0.0,Enemy
286.6,B0200,N001VE,SEARCH,None,0.0,0.0,0.0,0.0,0.0,Enemy
286.8,A0100,AN/APG-68(V)9,TRACK,B0100,78.29347720754362,0.0,0.0,0.0,0.0,Friendly
286.8,A0200,AN/APG-68(V)9,TRACK,B0100,60.3478995708406,0.0,0.0,0.0,0.0,Friendly
286.8,B0100,N001VE,SEARCH,A0200,60.3478995708406,-18.22558080321503,-12419.003574978318,0.25547730557907167,12011.661676444266,Enemy
286.8,B0200,N001VE,SEARCH,None,0.0,0.0,0.0,0.0,0.0,Enemy
287.0,A0100,AN/APG-68(V)9,TRACK,B0100,78.33967908428883,0.0,0.0,0.0,0.0,Friendly
287.0,A0200,AN/APG-68(V)9,TRACK,B0100,60.396516681902106,0.0,0.0,0.0,0.0,Friendly
287.0,B0100,N001VE,SEARCH,A0200,60.3478995708406,-18.22558080321503,-12419.003574978318,0.2456512553644925,12011.661676444266,Enemy
287.0,B0200,N001VE,SEARCH,None,0.0,0.0,0.0,0.0,0.0,Enemy
287.2,A0100,AN/APG-68(V)9,TRACK,B0100,78.386662389113,0.0,0.0,0.0,0.0,Friendly
287.2,A0200,AN/APG-68(V)9,TRACK,B0100,60.44586630726292,0.0,0.0,0.0,0.0,Friendly
287.2,B0100,N001VE,SEARCH,A0200,60.3478995708406,-18.22558080321503,-12419.003574978318,0.23582520514991337,12011.661676444266,Enemy
287.2,B0200,N001VE,SEARCH,None,0.0,0.0,0.0,0.0,0.0,Enemy
287.40000000000003,A0100,AN/APG-68(V)9,TRACK,B0100,78.43378613538286,0.0,0.0,0.0,0.0,Friendly
287.40000000000003,A0200,AN/APG-68(V)9,TRACK,B0100,60.4952602603635,0.0,0.0,0.0,0.0,Friendly
287.40000000000003,B0100,N001VE,SEARCH,A0200,60.3478995708406,-18.22558080321503,-12419.003574978318,0.22599915493533143,12011.661676444266,Enemy
287.40000000000003,B0200,N001VE,SEARCH,None,0.0,0.0,0.0,0.0,0.0,Enemy
287.6,A0100,AN/APG-68(V)9,TRACK,B0100,78.48060660099306,0.0,0.0,0.0,0.0,Friendly
287.6,A0200,AN/APG-68(V)9,TRACK,B0100,60.54424046524265,0.0,0.0,0.0,0.0,Friendly
287.6,B0100,N001VE,SEARCH,A0200,60.3478995708406,-18.22558080321503,-12419.003574978318,0.2161731047207523,12011.661676444266,Enemy
287.6,B0200,N001VE,SEARCH,None,0.0,0.0,0.0,0.0,0.0,Enemy
287.8,A0100,AN/APG-68(V)9,TRACK,B0100,78.52712455282162,0.0,0.0,0.0,0.0,Friendly
287.8,A0200,AN/APG-68(V)9,TRACK,B0100,60.592745250160924,0.0,0.0,0.0,0.0,Friendly
287.8,B0100,N001VE,SEARCH,None,0.0,0.0,0.0,0.0,0.0,Enemy
287.8,B0200,N001VE,SEARCH,None,0.0,0.0,0.0,0.0,0.0,Enemy
288.0,A0100,AN/APG-68(V)9,TRACK,B0100,78.5732455200841,0.0,0.0,0.0,0.0,Friendly
288.0,A0200,AN/APG-68(V)9,TRACK,B0100,60.64076361472232,0.0,0.0,0.0,0.0,Friendly
288.0,B0100,N001VE,SEARCH,None,0.0,0.0,0.0,0.0,0.0,Enemy
288.0,B0200,N001VE,SEARCH,None,0.0,0.0,0.0,0.0,0.0,Enemy
288.2,A0100,AN/APG-68(V)9,TRACK,B0100,78.61921740142049,0.0,0.0,0.0,0.0,Friendly
288.2,A0200,AN/APG-68(V)9,TRACK,B0100,60.68874421618251,0.0,0.0,0.0,0.0,Friendly
288.2,B0100,N001VE,SEARCH,None,0.0,0.0,0.0,0.0,0.0,Enemy
288.2,B0200,N001VE,SEARCH,None,0.0,0.0,0.0,0.0,0.0,Enemy
288.40000000000003,A0100,AN/APG-68(V)9,TRACK,B0100,78.66537081516186,0.0,0.0,0.0,0.0,Friendly
288.40000000000003,A0200,AN/APG-68(V)9,TRACK,B0100,60.737103705519374,0.0,0.0,0.0,0.0,Friendly
288.40000000000003,B0100,N001VE,SEARCH,None,0.0,0.0,0.0,0.0,0.0,Enemy
288.40000000000003,B0200,N001VE,SEARCH,None,0.0,0.0,0.0,0.0,0.0,Enemy
288.6,A0100,AN/APG-68(V)9,TRACK,B0100,78.71121368144462,0.0,0.0,0.0,0.0,Friendly
288.6,A0200,AN/APG-68(V)9,TRACK,B0100,60.78529859968395,0.0,0.0,0.0,0.0,Friendly
288.6,B0100,N001VE,SEARCH,None,0.0,0.0,0.0,0.0,0.0,Enemy
288.6,B0200,N001VE,SEARCH,None,0.0,0.0,0.0,0.0,0.0,Enemy
288.8,A0100,AN/APG-68(V)9,TRACK,B0100,78.7564303562702,0.0,0.0,0.0,0.0,Friendly
288.8,A0200,AN/APG-68(V)9,TRACK,B0100,60.832889220015645,0.0,0.0,0.0,0.0,Friendly
288.8,B0100,N001VE,SEARCH,None,0.0,0.0,0.0,0.0,0.0,Enemy
288.8,B0200,N001VE,SEARCH,None,0.0,0.0,0.0,0.0,0.0,Enemy
289.0,A0100,AN/APG-68(V)9,TRACK,B0100,78.80120724892986,0.0,0.0,0.0,0.0,Friendly
289.0,A0200,AN/APG-68(V)9,TRACK,B0100,60.88002499492019,0.0,0.0,0.0,0.0,Friendly
289.0,B0100,N001VE,SEARCH,None,0.0,0.0,0.0,0.0,0.0,Enemy
289.0,B0200,N001VE,SEARCH,None,0.0,0.0,0.0,0.0,0.0,Enemy
289.2,A0100,AN/APG-68(V)9,TRACK,B0100,78.84568201125465,0.0,0.0,0.0,0.0,Friendly
289.2,A0200,AN/APG-68(V)9,TRACK,B0100,60.92686290353849,0.0,0.0,0.0,0.0,Friendly
289.2,B0100,N001VE,SEARCH,None,0.0,0.0,0.0,0.0,0.0,Enemy
289.2,B0200,N001VE,SEARCH,None,0.0,0.0,0.0,0.0,0.0,Enemy
289.40000000000003,A0100,AN/APG-68(V)9,TRACK,B0100,78.88973533640731,0.0,0.0,0.0,0.0,Friendly
289.40000000000003,A0200,AN/APG-68(V)9,TRACK,B0100,60.9732904217778,0.0,0.0,0.0,0.0,Friendly
289.40000000000003,B0100,N001VE,SEARCH,None,0.0,0.0,0.0,0.0,0.0,Enemy
289.40000000000003,B0200,N001VE,SEARCH,None,0.0,0.0,0.0,0.0,0.0,Enemy
289.6,A0100,AN/APG-68(V)9,TRACK,B0100,78.93351018703011,0.0,0.0,0.0,0.0,Friendly
289.6,A0200,AN/APG-68(V)9,TRACK,B0100,61.01953979254677,0.0,0.0,0.0,0.0,Friendly
289.6,B0100,N001VE,SEARCH,None,0.0,0.0,0.0,0.0,0.0,Enemy
289.6,B0200,N001VE,SEARCH,None,0.0,0.0,0.0,0.0,0.0,Enemy
289.8,A0100,AN/APG-68(V)9,TRACK,B0100,78.9773882579057,0.0,0.0,0.0,0.0,Friendly
289.8,A0200,AN/APG-68(V)9,TRACK,B0100,61.06588688576753,0.0,0.0,0.0,0.0,Friendly
289.8,B0100,N001VE,SEARCH,None,0.0,0.0,0.0,0.0,0.0,Enemy
289.8,B0200,N001VE,SEARCH,None,0.0,0.0,0.0,0.0,0.0,Enemy
290.0,A0100,AN/APG-68(V)9,TRACK,B0100,79.02179367232799,0.0,0.0,0.0,0.0,Friendly
290.0,A0200,AN/APG-68(V)9,TRACK,B0100,61.112303927649876,0.0,0.0,0.0,0.0,Friendly
290.0,B0100,N001VE,SEARCH,None,0.0,0.0,0.0,0.0,0.0,Enemy
290.0,B0200,N001VE,SEARCH,None,0.0,0.0,0.0,0.0,0.0,Enemy
290.2,A0100,AN/APG-68(V)9,TRACK,B0100,79.06696125175007,0.0,0.0,0.0,0.0,Friendly
290.2,A0200,AN/APG-68(V)9,TRACK,B0100,61.15853663902735,0.0,0.0,0.0,0.0,Friendly
290.2,B0100,N001VE,SEARCH,None,0.0,0.0,0.0,0.0,0.0,Enemy
290.2,B0200,N001VE,SEARCH,None,0.0,0.0,0.0,0.0,0.0,Enemy
290.40000000000003,A0100,AN/APG-68(V)9,TRACK,B0100,79.11279681292753,0.0,0.0,0.0,0.0,Friendly
290.40000000000003,A0200,AN/APG-68(V)9,TRACK,B0100,61.20453325350254,0.0,0.0,0.0,0.0,Friendly
290.40000000000003,B0100,N001VE,SEARCH,None,0.0,0.0,0.0,0.0,0.0,Enemy
290.40000000000003,B0200,N001VE,SEARCH,None,0.0,0.0,0.0,0.0,0.0,Enemy
290.6,A0100,AN/APG-68(V)9,TRACK,B0100,79.15926800080993,0.0,0.0,0.0,0.0,Friendly
290.6,A0200,AN/APG-68(V)9,TRACK,B0100,61.25054623869146,0.0,0.0,0.0,0.0,Friendly
290.6,B0100,N001VE,SEARCH,None,0.0,0.0,0.0,0.0,0.0,Enemy
290.6,B0200,N001VE,SEARCH,None,0.0,0.0,0.0,0.0,0.0,Enemy
290.8,A0100,AN/APG-68(V)9,TRACK,B0100,79.20612516600978,0.0,0.0,0.0,0.0,Friendly
290.8,A0200,AN/APG-68(V)9,TRACK,B0100,61.29657799032171,0.0,0.0,0.0,0.0,Friendly
290.8,B0100,N001VE,SEARCH,A0200,61.29657799032171,-18.54968633005969,-12272.491517946833,0.24314448612581727,11987.754926600493,Enemy
290.8,B0200,N001VE,SEARCH,None,0.0,0.0,0.0,0.0,0.0,Enemy
291.0,A0100,AN/APG-68(V)9,TRACK,B0100,79.25297302376346,0.0,0.0,0.0,0.0,Friendly
291.0,A0200,AN/APG-68(V)9,TRACK,B0100,61.34249141025902,0.0,0.0,0.0,0.0,Friendly
291.0,B0100,N001VE,SEARCH,A0200,61.29657799032171,-18.54968633005969,-12272.491517946833,0.23379277512097862,11987.754926600493,Enemy
291.0,B0200,N001VE,SEARCH,None,0.0,0.0,0.0,0.0,0.0,Enemy
291.2,A0100,AN/APG-68(V)9,TRACK,B0100,79.29958031050641,0.0,0.0,0.0,0.0,Friendly
291.2,A0200,AN/APG-68(V)9,TRACK,B0100,61.38818424722752,0.0,0.0,0.0,0.0,Friendly
291.2,B0100,N001VE,SEARCH,A0200,61.29657799032171,-18.54968633005969,-12272.491517946833,0.22444106411614,11987.754926600493,Enemy
291.2,B0200,N001VE,SEARCH,None,0.0,0.0,0.0,0.0,0.0,Enemy
291.40000000000003,A0100,AN/APG-68(V)9,TRACK,B0100,79.34606672799366,0.0,0.0,0.0,0.0,Friendly
291.40000000000003,A0200,AN/APG-68(V)9,TRACK,B0100,61.433788141083696,0.0,0.0,0.0,0.0,Friendly
291.40000000000003,B0100,N001VE,SEARCH,A0200,61.29657799032171,-18.54968633005969,-12272.491517946833,0.21508935311129873,11987.754926600493,Enemy
291.40000000000003,B0200,N001VE,SEARCH,None,0.0,0.0,0.0,0.0,0.0,Enemy
291.6,A0100,AN/APG-68(V)9,TRACK,B0100,79.3927461197053,0.0,0.0,0.0,0.0,Friendly
291.6,A0200,AN/APG-68(V)9,TRACK,B0100,61.47953827134155,0.0,0.0,0.0,0.0,Friendly
291.6,B0100,N001VE,SEARCH,None,0.0,0.0,0.0,0.0,0.0,Enemy
291.6,B0200,N001VE,SEARCH,None,0.0,0.0,0.0,0.0,0.0,Enemy
291.8,A0100,AN/APG-68(V)9,TRACK,B0100,79.43957121306804,0.0,0.0,0.0,0.0,Friendly
291.8,A0200,AN/APG-68(V)9,TRACK,B0100,61.52536081199072,0.0,0.0,0.0,0.0,Friendly
291.8,B0100,N001VE,SEARCH,None,0.0,0.0,0.0,0.0,0.0,Enemy
291.8,B0200,N001VE,SEARCH,None,0.0,0.0,0.0,0.0,0.0,Enemy
292.0,A0100,AN/APG-68(V)9,TRACK,B0100,79.48639977709817,0.0,0.0,0.0,0.0,Friendly
292.0,A0200,AN/APG-68(V)9,TRACK,B0100,61.57103229299313,0.0,0.0,0.0,0.0,Friendly
292.0,B0100,N001VE,SEARCH,None,0.0,0.0,0.0,0.0,0.0,Enemy
292.0,B0200,N001VE,SEARCH,None,0.0,0.0,0.0,0.0,0.0,Enemy
292.2,A0100,AN/APG-68(V)9,TRACK,B0100,79.53310941682537,0.0,0.0,0.0,0.0,Friendly
292.2,A0200,AN/APG-68(V)9,TRACK,B0100,61.616521881116135,0.0,0.0,0.0,0.0,Friendly
292.2,B0100,N001VE,SEARCH,None,0.0,0.0,0.0,0.0,0.0,Enemy
292.2,B0200,N001VE,SEARCH,None,0.0,0.0,0.0,0.0,0.0,Enemy
292.40000000000003,A0100,AN/APG-68(V)9,TRACK,B0100,79.57948175406814,0.0,0.0,0.0,0.0,Friendly
292.40000000000003,A0200,AN/APG-68(V)9,TRACK,B0100,61.6616899775106,0.0,0.0,0.0,0.0,Friendly
292.40000000000003,B0100,N001VE,SEARCH,None,0.0,0.0,0.0,0.0,0.0,Enemy
292.40000000000003,B0200,N001VE,SEARCH,None,0.0,0.0,0.0,0.0,0.0,Enemy
292.6,A0100,AN/APG-68(V)9,TRACK,B0100,79.62546393332615,0.0,0.0,0.0,0.0,Friendly
292.6,A0200,AN/APG-68(V)9,TRACK,B0100,61.706411184930424,0.0,0.0,0.0,0.0,Friendly
292.6,B0100,N001VE,SEARCH,None,0.0,0.0,0.0,0.0,0.0,Enemy
292.6,B0200,N001VE,SEARCH,None,0.0,0.0,0.0,0.0,0.0,Enemy
292.8,A0100,AN/APG-68(V)9,TRACK,B0100,79.67130690673041,0.0,0.0,0.0,0.0,Friendly
292.8,A0200,AN/APG-68(V)9,TRACK,B0100,61.75087670788444,0.0,0.0,0.0,0.0,Friendly
292.8,B0100,N001VE,SEARCH,None,0.0,0.0,0.0,0.0,0.0,Enemy
292.8,B0200,N001VE,SEARCH,None,0.0,0.0,0.0,0.0,0.0,Enemy
293.0,A0100,AN/APG-68(V)9,TRACK,B0100,79.71725899155017,0.0,0.0,0.0,0.0,Friendly
293.0,A0200,AN/APG-68(V)9,TRACK,B0100,61.795325184979696,0.0,0.0,0.0,0.0,Friendly
293.0,B0100,N001VE,SEARCH,None,0.0,0.0,0.0,0.0,0.0,Enemy
293.0,B0200,N001VE,SEARCH,None,0.0,0.0,0.0,0.0,0.0,Enemy
293.2,A0100,AN/APG-68(V)9,TRACK,B0100,79.76321484495772,0.0,0.0,0.0,0.0,Friendly
293.2,A0200,AN/APG-68(V)9,TRACK,B0100,61.83980083458165,0.0,0.0,0.0,0.0,Friendly
293.2,B0100,N001VE,SEARCH,None,0.0,0.0,0.0,0.0,0.0,Enemy
293.2,B0200,N001VE,SEARCH,None,0.0,0.0,0.0,0.0,0.0,Enemy
293.40000000000003,A0100,AN/APG-68(V)9,TRACK,B0100,79.80906790073277,0.0,0.0,0.0,0.0,Friendly
293.40000000000003,A0200,AN/APG-68(V)9,TRACK,B0100,61.88423173372601,0.0,0.0,0.0,0.0,Friendly
293.40000000000003,B0100,N001VE,SEARCH,None,0.0,0.0,0.0,0.0,0.0,Enemy
293.40000000000003,B0200,N001VE,SEARCH,None,0.0,0.0,0.0,0.0,0.0,Enemy
293.6,A0100,AN/APG-68(V)9,TRACK,B0100,79.85482772650086,0.0,0.0,0.0,0.0,Friendly
293.6,A0200,AN/APG-68(V)9,TRACK,B0100,61.92849453556218,0.0,0.0,0.0,0.0,Friendly
293.6,B0100,N001VE,SEARCH,None,0.0,0.0,0.0,0.0,0.0,Enemy
293.6,B0200,N001VE,SEARCH,None,0.0,0.0,0.0,0.0,0.0,Enemy
293.8,A0100,AN/APG-68(V)9,TRACK,B0100,79.90060409823049,0.0,0.0,0.0,0.0,Friendly
293.8,A0200,AN/APG-68(V)9,TRACK,B0100,61.97271844345036,0.0,0.0,0.0,0.0,Friendly
293.8,B0100,N001VE,SEARCH,A0200,61.97271844345036,-18.782337817996524,-12158.579278079695,0.2343546602351449,11973.12430942629,Enemy
293.8,B0200,N001VE,SEARCH,None,0.0,0.0,0.0,0.0,0.0,Enemy
294.0,A0100,AN/APG-68(V)9,TRACK,B0100,79.94657681319497,0.0,0.0,0.0,0.0,Friendly
294.0,A0200,AN/APG-68(V)9,TRACK,B0100,62.01712031715349,0.0,0.0,0.0,0.0,Friendly
294.0,B0100,N001VE,SEARCH,A0200,61.97271844345036,-18.782337817996524,-12158.579278079695,0.22534101945687057,11973.12430942629,Enemy
294.0,B0200,N001VE,SEARCH,None,0.0,0.0,0.0,0.0,0.0,Enemy
294.2,A0100,AN/APG-68(V)9,TRACK,B0100,79.99268058377058,0.0,0.0,0.0,0.0,Friendly
294.2,A0200,AN/APG-68(V)9,TRACK,B0100,62.06163252976184,0.0,0.0,0.0,0.0,Friendly
294.2,B0100,N001VE,SEARCH,A0200,61.97271844345036,-18.782337817996524,-12158.579278079695,0.21632737867859628,11973.12430942629,Enemy
294.2,B0200,N001VE,SEARCH,None,0.0,0.0,0.0,0.0,0.0,Enemy
294.40000000000003,A0100,AN/APG-68(V)9,TRACK,B0100,80.03886628822374,0.0,0.0,0.0,0.0,Friendly
294.40000000000003,A0200,AN/APG-68(V)9,TRACK,B0100,62.10616437824911,0.0,0.0,0.0,0.0,Friendly
294.40000000000003,B0100,N001VE,SEARCH,None,0.0,0.0,0.0,0.0,0.0,Enemy
294.40000000000003,B0200,N001VE,SEARCH,None,0.0,0.0,0.0,0.0,0.0,Enemy
294.6,A0100,AN/APG-68(V)9,TRACK,B0100,80.08509398636541,0.0,0.0,0.0,0.0,Friendly
294.6,A0200,AN/APG-68(V)9,TRACK,B0100,62.15067439256749,0.0,0.0,0.0,0.0,Friendly
294.6,B0100,N001VE,SEARCH,None,0.0,0.0,0.0,0.0,0.0,Enemy
294.6,B0200,N001VE,SEARCH,None,0.0,0.0,0.0,0.0,0.0,Enemy
294.8,A0100,AN/APG-68(V)9,TRACK,B0100,80.13112341556688,0.0,0.0,0.0,0.0,Friendly
294.8,A0200,AN/APG-68(V)9,TRACK,B0100,62.1950159002559,0.0,0.0,0.0,0.0,Friendly
294.8,B0100,N001VE,SEARCH,A0200,62.1950159002559,-18.85946638568673,-12176.178026937094,0.23146479329667277,11968.940212538204,Enemy
294.8,B0200,N001VE,SEARCH,None,0.0,0.0,0.0,0.0,0.0,Enemy
295.0,A0100,AN/APG-68(V)9,TRACK,B0100,80.1768400254914,0.0,0.0,0.0,0.0,Friendly
295.0,A0200,AN/APG-68(V)9,TRACK,B0100,62.23914850613372,0.0,0.0,0.0,0.0,Friendly
295.0,B0100,N001VE,SEARCH,A0200,62.1950159002559,-18.85946638568673,-12176.178026937094,0.2225623012468012,11968.940212538204,Enemy
295.0,B0200,N001VE,SEARCH,None,0.0,0.0,0.0,0.0,0.0,Enemy
295.2,A0100,AN/APG-68(V)9,TRACK,B0100,80.2225308935873,0.0,0.0,0.0,0.0,Friendly
295.2,A0200,AN/APG-68(V)9,TRACK,B0100,62.28319145202827,0.0,0.0,0.0,0.0,Friendly
295.2,B0100,N001VE,SEARCH,A0200,62.1950159002559,-18.85946638568673,-12176.178026937094,0.21365980919692967,11968.940212538204,Enemy
295.2,B0200,N001VE,SEARCH,None,0.0,0.0,0.0,0.0,0.0,Enemy
295.40000000000003,A0100,AN/APG-68(V)9,TRACK,B0100,80.2685050253927,0.0,0.0,0.0,0.0,Friendly
295.40000000000003,A0200,AN/APG-68(V)9,TRACK,B0100,62.32741600389305,0.0,0.0,0.0,0.0,Friendly
295.40000000000003,B0100,N001VE,SEARCH,None,0.0,0.0,0.0,0.0,0.0,Enemy
295.40000000000003,B0200,N001VE,SEARCH,None,0.0,0.0,0.0,0.0,0.0,Enemy
295.6,A0100,AN/APG-68(V)9,TRACK,B0100,80.31462884182835,0.0,0.0,0.0,0.0,Friendly
295.6,A0200,AN/APG-68(V)9,TRACK,B0100,62.371849940252126,0.0,0.0,0.0,0.0,Friendly
295.6,B0100,N001VE,SEARCH,None,0.0,0.0,0.0,0.0,0.0,Enemy
295.6,B0200,N001VE,SEARCH,None,0.0,0.0,0.0,0.0,0.0,Enemy
295.8,A0100,AN/APG-68(V)9,TRACK,B0100,80.36075217943898,0.0,0.0,0.0,0.0,Friendly
295.8,A0200,AN/APG-68(V)9,TRACK,B0100,62.416316401239555,0.0,0.0,0.0,0.0,Friendly
295.8,B0100,N001VE,SEARCH,None,0.0,0.0,0.0,0.0,0.0,Enemy
295.8,B0200,N001VE,SEARCH,A0200,62.78931105061599,-19.047581370467118,-12153.122915575543,0.2237389563419916,11948.015841878516,Enemy
296.0,A0100,AN/APG-68(V)9,TRACK,B0100,80.40686052115737,0.0,0.0,0.0,0.0,Friendly
296.0,A0200,AN/APG-68(V)9,TRACK,B0100,62.46073448459463,0.0,0.0,0.0,0.0,Friendly
296.0,B0100,N001VE,SEARCH,None,0.0,0.0,0.0,0.0,0.0,Enemy
296.0,B0200,N001VE,SEARCH,A0200,62.78931105061599,-19.047581370467118,-12153.122915575543,0.21513361186730007,11948.015841878516,Enemy
296.2,A0100,AN/APG-68(V)9,TRACK,B0100,80.452868640185,0.0,0.0,0.0,0.0,Friendly
296.2,A0200,AN/APG-68(V)9,TRACK,B0100,62.505010696755406,0.0,0.0,0.0,0.0,Friendly
296.2,B0100,N001VE,SEARCH,None,0.0,0.0,0.0,0.0,0.0,Enemy
296.2,B0200,N001VE,SEARCH,None,0.0,0.0,0.0,0.0,0.0,Enemy
296.40000000000003,A0100,AN/APG-68(V)9,TRACK,B0100,80.49883198517504,0.0,0.0,0.0,0.0,Friendly
296.40000000000003,A0200,AN/APG-68(V)9,TRACK,B0100,62.549200204401295,0.0,0.0,0.0,0.0,Friendly
296.40000000000003,B0100,N001VE,SEARCH,None,0.0,0.0,0.0,0.0,0.0,Enemy
296.40000000000003,B0200,N001VE,SEARCH,None,0.0,0.0,0.0,0.0,0.0,Enemy
296.6,A0100,AN/APG-68(V)9,TRACK,B0100,80.54489981828567,0.0,0.0,0.0,0.0,Friendly
296.6,A0200,AN/APG-68(V)9,TRACK,B0100,62.59352022263143,0.0,0.0,0.0,0.0,Friendly
296.6,B0100,N001VE,SEARCH,None,0.0,0.0,0.0,0.0,0.0,Enemy
296.6,B0200,N001VE,SEARCH,None,0.0,0.0,0.0,0.0,0.0,Enemy
296.8,A0100,AN/APG-68(V)9,TRACK,B0100,80.59092889396575,0.0,0.0,0.0,0.0,Friendly
296.8,A0200,AN/APG-68(V)9,TRACK,B0100,62.6378807015183,0.0,0.0,0.0,0.0,Friendly
296.8,B0100,N001VE,SEARCH,None,0.0,0.0,0.0,0.0,0.0,Enemy
296.8,B0200,N001VE,SEARCH,None,0.0,0.0,0.0,0.0,0.0,Enemy
297.0,A0100,AN/APG-68(V)9,TRACK,B0100,80.63688365504966,0.0,0.0,0.0,0.0,Friendly
297.0,A0200,AN/APG-68(V)9,TRACK,B0100,62.68208147974826,0.0,0.0,0.0,0.0,Friendly
297.0,B0100,N001VE,SEARCH,None,0.0,0.0,0.0,0.0,0.0,Enemy
297.0,B0200,N001VE,SEARCH,None,0.0,0.0,0.0,0.0,0.0,Enemy
297.2,A0100,AN/APG-68(V)9,TRACK,B0100,80.68286938616288,0.0,0.0,0.0,0.0,Friendly
297.2,A0200,AN/APG-68(V)9,TRACK,B0100,62.72621582774413,0.0,0.0,0.0,0.0,Friendly
297.2,B0100,N001VE,SEARCH,None,0.0,0.0,0.0,0.0,0.0,Enemy
297.2,B0200,N001VE,SEARCH,None,0.0,0.0,0.0,0.0,0.0,Enemy
297.40000000000003,A0100,AN/APG-68(V)9,TRACK,B0100,80.72896589412414,0.0,0.0,0.0,0.0,Friendly
297.40000000000003,A0200,AN/APG-68(V)9,TRACK,B0100,62.77050368476137,0.0,0.0,0.0,0.0,Friendly
297.40000000000003,B0100,N001VE,SEARCH,None,0.0,0.0,0.0,0.0,0.0,Enemy
297.40000000000003,B0200,N001VE,SEARCH,None,0.0,0.0,0.0,0.0,0.0,Enemy
297.6,A0100,AN/APG-68(V)9,TRACK,B0100,80.7750648368288,0.0,0.0,0.0,0.0,Friendly
297.6,A0200,AN/APG-68(V)9,TRACK,B0100,62.81483913006554,0.0,0.0,0.0,0.0,Friendly
297.6,B0100,N001VE,SEARCH,None,0.0,0.0,0.0,0.0,0.0,Enemy
297.6,B0200,N001VE,SEARCH,None,0.0,0.0,0.0,0.0,0.0,Enemy
297.8,A0100,AN/APG-68(V)9,TRACK,B0100,80.82105625958867,0.0,0.0,0.0,0.0,Friendly
297.8,A0200,AN/APG-68(V)9,TRACK,B0100,62.85909771600108,0.0,0.0,0.0,0.0,Friendly
297.8,B0100,N001VE,SEARCH,None,0.0,0.0,0.0,0.0,0.0,Enemy
297.8,B0200,N001VE,SEARCH,None,0.0,0.0,0.0,0.0,0.0,Enemy
298.0,A0100,AN/APG-68(V)9,TRACK,B0100,80.86689128012367,0.0,0.0,0.0,0.0,Friendly
298.0,A0200,AN/APG-68(V)9,TRACK,B0100,62.90321073640452,0.0,0.0,0.0,0.0,Friendly
298.0,B0100,N001VE,SEARCH,None,0.0,0.0,0.0,0.0,0.0,Enemy
298.0,B0200,N001VE,SEARCH,None,0.0,0.0,0.0,0.0,0.0,Enemy
298.2,A0100,AN/APG-68(V)9,TRACK,B0100,80.91239685795455,0.0,0.0,0.0,0.0,Friendly
298.2,A0200,AN/APG-68(V)9,TRACK,B0100,62.947042487065886,0.0,0.0,0.0,0.0,Friendly
298.2,B0100,N001VE,SEARCH,None,0.0,0.0,0.0,0.0,0.0,Enemy
298.2,B0200,N001VE,SEARCH,None,0.0,0.0,0.0,0.0,0.0,Enemy
298.40000000000003,A0100,AN/APG-68(V)9,TRACK,B0100,80.95757698283666,0.0,0.0,0.0,0.0,Friendly
298.40000000000003,A0200,AN/APG-68(V)9,TRACK,B0100,62.99057444021318,0.0,0.0,0.0,0.0,Friendly
298.40000000000003,B0100,N001VE,SEARCH,None,0.0,0.0,0.0,0.0,0.0,Enemy
298.40000000000003,B0200,N001VE,SEARCH,None,0.0,0.0,0.0,0.0,0.0,Enemy
298.6,A0100,AN/APG-68(V)9,SEARCH,B0100,81.00268448741274,0.0,0.0,0.0,0.0,Friendly
298.6,A0200,AN/APG-68(V)9,TRACK,B0100,63.033989996777706,0.0,0.0,0.0,0.0,Friendly
298.6,B0100,N001VE,SEARCH,None,0.0,0.0,0.0,0.0,0.0,Enemy
298.6,B0200,N001VE,SEARCH,None,0.0,0.0,0.0,0.0,0.0,Enemy
298.8,A0100,AN/APG-68(V)9,SEARCH,B0100,81.04792194429335,0.0,0.0,0.0,0.0,Friendly
298.8,A0200,AN/APG-68(V)9,TRACK,B0100,63.07751636835772,0.0,0.0,0.0,0.0,Friendly
298.8,B0100,N001VE,SEARCH,None,0.0,0.0,0.0,0.0,0.0,Enemy
298.8,B0200,N001VE,SEARCH,None,0.0,0.0,0.0,0.0,0.0,Enemy
299.0,A0100,AN/APG-68(V)9,SEARCH,B0100,81.09319350783149,0.0,0.0,0.0,0.0,Friendly
299.0,A0200,AN/APG-68(V)9,TRACK,B0100,63.12111214624796,0.0,0.0,0.0,0.0,Friendly
299.0,B0100,N001VE,SEARCH,None,0.0,0.0,0.0,0.0,0.0,Enemy
299.0,B0200,N001VE,SEARCH,None,0.0,0.0,0.0,0.0,0.0,Enemy
299.2,A0100,AN/APG-68(V)9,SEARCH,B0100,81.13838801837214,0.0,0.0,0.0,0.0,Friendly
299.2,A0200,AN/APG-68(V)9,TRACK,B0100,63.164679909284175,0.0,0.0,0.0,0.0,Friendly
299.2,B0100,N001VE,SEARCH,None,0.0,0.0,0.0,0.0,0.0,Enemy
299.2,B0200,N001VE,SEARCH,None,0.0,0.0,0.0,0.0,0.0,Enemy
299.40000000000003,A0100,AN/APG-68(V)9,SEARCH,B0100,81.18347195427434,0.0,0.0,0.0,0.0,Friendly
299.40000000000003,A0200,AN/APG-68(V)9,TRACK,B0100,63.20823989216646,0.0,0.0,0.0,0.0,Friendly
299.40000000000003,B0100,N001VE,SEARCH,None,0.0,0.0,0.0,0.0,0.0,Enemy
299.40000000000003,B0200,N001VE,SEARCH,None,0.0,0.0,0.0,0.0,0.0,Enemy
299.6,A0100,AN/APG-68(V)9,SEARCH,B0100,81.22832553126408,0.0,0.0,0.0,0.0,Friendly
299.6,A0200,AN/APG-68(V)9,TRACK,B0100,63.2517128888666,0.0,0.0,0.0,0.0,Friendly
299.6,B0100,N001VE,SEARCH,None,0.0,0.0,0.0,0.0,0.0,Enemy
299.6,B0200,N001VE,SEARCH,None,0.0,0.0,0.0,0.0,0.0,Enemy
299.8,A0100,AN/APG-68(V)9,SEARCH,B0100,81.27294976254886,0.0,0.0,0.0,0.0,Friendly
299.8,A0200,AN/APG-68(V)9,TRACK,B0100,63.29510361117222,0.0,0.0,0.0,0.0,Friendly
299.8,B0100,N001VE,SEARCH,A0200,63.29510361117222,-19.245181662204793,-12046.889420789703,0.21716365305476065,11952.396186784741,Enemy
299.8,B0200,N001VE,SEARCH,None,0.0,0.0,0.0,0.0,0.0,Enemy
